-0.126248 -0.201057 0.807413
-0.000121759 -0.145679 0.78406
-0.130147 -0.201603 0.808731
-0.000810384 -0.14616 0.783121
-0.127894 -0.202383 0.805437
-0.00471551 -0.147299 0.784735
-0.125444 -0.200246 0.809882
-0.00769367 -0.148173 0.784267
-0.125482 -0.20057 0.809828
-0.00449317 -0.14626 0.784353
-0.125615 -0.201803 0.80813
-0.00262532 -0.150382 0.783764
-0.125647 -0.200377 0.809558
0.00323788 -0.149791 0.783216
-0.12511 -0.199925 0.809183
-0.000971477 -0.148458 0.78354
-0.125799 -0.200372 0.809508
-0.00252847 -0.147903 0.782806
-0.126147 -0.202624 0.808861
-0.01962 -0.144591 0.784831
-0.125085 -0.201602 0.80865
-0.00745954 -0.146012 0.785136
-0.126247 -0.200365 0.809396
-0.0112627 -0.147634 0.781903
-0.124487 -0.201205 0.809867
-0.00707607 -0.147351 0.782213
-0.123932 -0.202045 0.80844
-0.00980573 -0.145831 0.783737
-0.123274 -0.201687 0.808622
-0.00151504 -0.14835 0.786382
-0.122553 -0.20172 0.808813
-0.00215369 -0.148308 0.784216
-0.123818 -0.201762 0.809433
0.00119385 -0.148141 0.783844
-0.125535 -0.200732 0.809613
-0.00217848 -0.147877 0.78569
-0.124627 -0.201271 0.808581
0.000297518 -0.147254 0.785041
-0.124419 -0.201305 0.809178
9.67233e-05 -0.148922 0.78435
-0.124885 -0.201293 0.810072
-0.00315135 -0.148752 0.785229
-0.12591 -0.200137 0.809805
-0.00369061 -0.148279 0.784298
-0.126345 -0.199571 0.809503
-0.000965259 -0.148693 0.784068
-0.127031 -0.201573 0.807879
-0.00157752 -0.148984 0.784261
-0.125789 -0.201316 0.808264
-0.00135236 -0.145842 0.784266
-0.127076 -0.200541 0.808783
-0.000101314 -0.146709 0.783979
-0.127546 -0.200314 0.808323
0.000866202 -0.145042 0.783979
-0.128384 -0.200605 0.808552
0.00677583 -0.142909 0.780546
-0.124185 -0.202826 0.808225
0.00215776 -0.147474 0.782627
-0.1249 -0.201186 0.80867
-0.00105544 -0.148037 0.784277
-0.126192 -0.200605 0.808901
0.000238836 -0.145179 0.784846
-0.125153 -0.201174 0.809492
0.000100843 -0.148506 0.783777
-0.124545 -0.201437 0.80921
0.00362734 -0.148286 0.783788
-0.124393 -0.201725 0.807752
-0.000374499 -0.148252 0.785135
-0.125952 -0.200841 0.808671
-0.00634677 -0.149613 0.78367
-0.123793 -0.200579 0.80971
-0.00510982 -0.147025 0.783895
-0.122701 -0.200514 0.808574
0.000109636 -0.146402 0.783177
-0.124571 -0.20043 0.808925
0.0038489 -0.14743 0.784984
-0.124675 -0.199892 0.809868
0.00154129 -0.146102 0.784855
-0.124811 -0.20132 0.809644
0.00832791 -0.145278 0.783969
-0.124568 -0.201974 0.807971
0.012813 -0.142846 0.783729
-0.124562 -0.200927 0.80927
0.0226832 -0.144665 0.788727
-0.125836 -0.200992 0.809584
0.0184741 -0.144209 0.78348
-0.125529 -0.201302 0.80964
0.00822166 -0.147448 0.780689
-0.125213 -0.201212 0.808394
0.00701886 -0.14947 0.782324
-0.124664 -0.201558 0.808871
0.00434717 -0.14751 0.783391
-0.124255 -0.20081 0.809592
-0.00853048 -0.1414 0.789687
-0.12313 -0.199955 0.80957
-0.0105533 -0.146208 0.786457
-0.123721 -0.202121 0.809017
-0.0049157 -0.143973 0.785845
-0.124202 -0.201575 0.81036
-0.00824575 -0.143715 0.785253
-0.125106 -0.201613 0.809914
-0.0164215 -0.143905 0.785343
-0.126515 -0.200079 0.809004
-0.0123008 -0.144434 0.786584
-0.128007 -0.201169 0.808331
-0.011334 -0.14476 0.785462
-0.126915 -0.200485 0.808821
-0.0163434 -0.14425 0.785479
-0.12732 -0.199913 0.809662
-0.0165302 -0.144611 0.785074
-0.127459 -0.200126 0.810677
-0.0114135 -0.142675 0.786088
-0.126291 -0.20029 0.809382
-0.00731757 -0.143917 0.784495
-0.126836 -0.201148 0.807856
-8.98048e-05 -0.142818 0.783788
-0.127576 -0.201358 0.808428
0.00278816 -0.142656 0.784428
-0.126915 -0.201301 0.809628
-0.00127632 -0.143286 0.785592
-0.12653 -0.199552 0.81103
-0.00125785 -0.142345 0.785423
-0.127224 -0.199523 0.810249
7.72717e-05 -0.143323 0.783946
-0.127199 -0.200343 0.808878
0.0128553 -0.142057 0.78575
-0.12718 -0.202983 0.807971
0.00912715 -0.145966 0.784162
-0.1283 -0.20118 0.81035
0.00315514 -0.144235 0.785355
-0.12889 -0.199863 0.808412
-0.00326803 -0.142444 0.782753
-0.127773 -0.200984 0.807545
-0.00723038 -0.144425 0.784134
-0.127055 -0.20296 0.806647
-0.00982134 -0.142023 0.786979
-0.128801 -0.200881 0.807501
-0.0121406 -0.1459 0.7863
-0.128693 -0.200632 0.808625
-0.010526 -0.14634 0.785083
-0.129295 -0.20067 0.807791
-0.00710545 -0.144959 0.783527
-0.1285 -0.201552 0.807321
-0.0209533 -0.140672 0.787099
-0.127948 -0.201153 0.807956
-0.0256304 -0.143511 0.788225
-0.126563 -0.200705 0.809593
-0.0294465 -0.145526 0.788109
-0.128591 -0.200585 0.808348
-0.0100625 -0.146449 0.785076
-0.129185 -0.200392 0.808513
-0.0104194 -0.145733 0.782129
-0.128422 -0.201473 0.808976
-0.00752854 -0.143563 0.784418
-0.126931 -0.201357 0.808381
-0.0043477 -0.144609 0.78346
-0.125444 -0.202416 0.808439
-0.00246924 -0.144054 0.784209
-0.126631 -0.202845 0.807052
-0.00617305 -0.14201 0.786349
-0.126984 -0.201429 0.807753
0.000924383 -0.143071 0.784473
-0.12685 -0.201195 0.808698
0.00607654 -0.145997 0.782528
-0.128107 -0.200598 0.807737
0.0108514 -0.145294 0.782236
-0.128873 -0.20017 0.807573
0.00938237 -0.13603 0.783971
-0.129201 -0.200253 0.808377
0.00818854 -0.141416 0.785551
-0.128511 -0.200281 0.808029
0.00572762 -0.144015 0.783718
-0.1282 -0.201303 0.807497
0.0068646 -0.146801 0.785068
-0.127214 -0.201363 0.808325
0.0066512 -0.143388 0.781644
-0.127091 -0.20148 0.808268
0.00664817 -0.147166 0.784159
-0.126048 -0.201968 0.8079
0.00306029 -0.1461 0.782172
-0.128453 -0.202166 0.807793
0.00268614 -0.145906 0.783654
-0.127147 -0.200708 0.809277
0.00235622 -0.149797 0.781984
-0.126177 -0.201229 0.809185
-0.00307607 -0.141972 0.781907
-0.126741 -0.199654 0.810059
-0.00197756 -0.148526 0.781107
-0.127532 -0.199618 0.809865
-0.0128516 -0.143032 0.78002
-0.127063 -0.199175 0.809988
-0.0125935 -0.143552 0.782974
-0.127893 -0.199624 0.809826
-0.007043 -0.144297 0.783267
-0.126674 -0.199531 0.809804
0.000772474 -0.143531 0.785029
-0.126013 -0.199744 0.81151
0.00951376 -0.145732 0.783331
-0.126521 -0.200252 0.809563
0.00958354 -0.145294 0.781521
-0.126428 -0.201715 0.807829
-0.000625158 -0.145916 0.784675
-0.126893 -0.200421 0.808104
-0.0107826 -0.14586 0.782837
-0.12521 -0.200543 0.809624
-0.0303414 -0.142508 0.782138
-0.12429 -0.20037 0.808924
-0.0111645 -0.14202 0.782884
-0.124789 -0.200951 0.808741
-0.00252164 -0.143252 0.785469
-0.125272 -0.200382 0.80909
-0.00496575 -0.145154 0.785005
-0.12416 -0.201033 0.809443
-0.00615766 -0.145232 0.784981
-0.125355 -0.200143 0.811035
3.79857e-05 -0.144408 0.784861
-0.124414 -0.200237 0.80903
0.00215906 -0.145893 0.783994
-0.125307 -0.201112 0.80727
0.00868246 -0.14619 0.785051
-0.125001 -0.201499 0.8077
0.000107977 -0.150781 0.785176
-0.125452 -0.201687 0.807876
0.00321324 -0.149676 0.784215
-0.124041 -0.201252 0.809361
0.00418841 -0.148633 0.783611
-0.12492 -0.200568 0.809282
0.00233158 -0.147233 0.783701
-0.125654 -0.200066 0.809358
0.00108181 -0.146787 0.783116
-0.125325 -0.199701 0.809904
0.00133477 -0.145675 0.784213
-0.125346 -0.200259 0.809324
0.00263936 -0.145309 0.783583
-0.125123 -0.200982 0.808085
-0.00229427 -0.141501 0.785392
-0.125839 -0.201568 0.808112
-0.00763361 -0.142279 0.785663
-0.126522 -0.201814 0.807652
-0.00820097 -0.141498 0.785941
-0.127516 -0.201747 0.806662
-0.000244861 -0.145069 0.785386
-0.127828 -0.201029 0.807621
0.00113593 -0.143562 0.784408
-0.127162 -0.200331 0.809247
-0.00826391 -0.144397 0.783849
-0.126845 -0.201377 0.808901
0.0152926 -0.14543 0.785902
-0.126183 -0.201342 0.808239
0.0102847 -0.14653 0.784688
-0.125402 -0.202376 0.807239
0.006924 -0.144907 0.78323
-0.12424 -0.201538 0.807644
0.0123161 -0.144132 0.787977
-0.123892 -0.200983 0.809785
0.00840909 -0.144794 0.782773
-0.125713 -0.200858 0.809255
0.0151295 -0.147627 0.783172
-0.125484 -0.200762 0.809096
0.022028 -0.148934 0.783882
-0.124664 -0.200799 0.80955
0.0311434 -0.142552 0.783167
-0.125129 -0.201448 0.809316
0.0332371 -0.142896 0.776872
-0.125284 -0.200644 0.809652
0.0334674 -0.140221 0.78014
-0.124437 -0.200616 0.809382
0.0348235 -0.144259 0.783775
-0.123478 -0.20103 0.808799
0.0337487 -0.152144 0.785551
-0.124484 -0.20153 0.80945
0.00301769 -0.14346 0.784739
-0.125347 -0.200376 0.810015
-0.00202251 -0.145472 0.787334
-0.124476 -0.200163 0.810641
-0.00250379 -0.143791 0.787089
-0.124372 -0.199654 0.810555
-0.0111128 -0.14724 0.783832
-0.124794 -0.200505 0.809441
-0.0085081 -0.14376 0.786444
-0.124177 -0.201579 0.808857
-0.00824682 -0.147191 0.781623
-0.123744 -0.201206 0.808671
0.00206433 -0.142894 0.781228
-0.12379 -0.201086 0.810232
-0.00521063 -0.148491 0.784554
-0.124856 -0.202257 0.809606
-0.0142845 -0.144646 0.78538
-0.123197 -0.201919 0.807918
-0.00932547 -0.144582 0.78528
-0.124186 -0.201403 0.808651
-0.0100483 -0.145788 0.786623
-0.125808 -0.200913 0.809518
-0.00949239 -0.151411 0.783953
-0.124037 -0.200189 0.809544
-0.00769872 -0.148651 0.785826
-0.125037 -0.200818 0.809111
-0.00493065 -0.14822 0.782849
-0.12642 -0.200493 0.809265
-0.0108463 -0.148168 0.782915
-0.126366 -0.19813 0.8118
-0.0073244 -0.148626 0.782443
-0.127982 -0.200116 0.809857
-0.00527859 -0.150507 0.784472
-0.126932 -0.198394 0.809791
-0.00516005 -0.151016 0.78411
-0.128199 -0.199577 0.809519
-0.00538822 -0.150044 0.783574
-0.127715 -0.200263 0.80971
-0.000797041 -0.14775 0.784053
-0.126506 -0.200075 0.808903
0.00355651 -0.147061 0.78298
-0.12593 -0.201519 0.808698
0.00669587 -0.147444 0.785023
-0.12506 -0.20033 0.80967
-0.0115182 -0.148597 0.778706
-0.126131 -0.200181 0.809386
-0.0109062 -0.151683 0.779721
-0.125743 -0.2008 0.808456
-0.0107316 -0.148885 0.783727
-0.124426 -0.201344 0.808874
-0.00340563 -0.145872 0.784209
-0.12515 -0.201725 0.8099
0.00147324 -0.143327 0.786362
-0.124416 -0.200952 0.81008
-0.00554191 -0.145771 0.782457
-0.126185 -0.202104 0.809366
-0.00934235 -0.144994 0.787694
-0.124804 -0.201365 0.809207
-0.00372671 -0.14519 0.785524
-0.125057 -0.200659 0.810172
-0.00116663 -0.147736 0.784744
-0.124463 -0.199964 0.809595
-0.00686836 -0.144381 0.787593
-0.125553 -0.199938 0.810023
-0.00122725 -0.147164 0.781779
-0.126321 -0.200021 0.810521
0.000892289 -0.138936 0.782971
-0.125991 -0.200171 0.810517
-0.0059364 -0.144892 0.786466
-0.124444 -0.201226 0.808767
-0.0115588 -0.147213 0.785559
-0.125149 -0.200582 0.808436
-0.0103206 -0.148373 0.785774
-0.125827 -0.200807 0.808397
-0.00854088 -0.145212 0.784812
-0.12498 -0.200713 0.809717
-0.00635677 -0.146174 0.785365
-0.124628 -0.199585 0.810608
-0.00287135 -0.147217 0.783624
-0.125186 -0.200802 0.809608
-0.00401084 -0.148435 0.782459
-0.124177 -0.200812 0.809308
-0.00401356 -0.147829 0.784286
-0.124975 -0.20101 0.809624
-0.00330732 -0.144992 0.784306
-0.124016 -0.201785 0.809341
-0.00355391 -0.145866 0.785966
-0.124439 -0.201653 0.808794
-0.00424282 -0.14764 0.783254
-0.124501 -0.202047 0.808904
-0.00527112 -0.147289 0.785394
-0.125186 -0.201685 0.808508
-0.00358233 -0.144737 0.7834
-0.125182 -0.200787 0.80932
-0.000591075 -0.146732 0.782446
-0.125262 -0.200209 0.809786
-0.00133018 -0.148261 0.784016
-0.125817 -0.200151 0.809436
-0.00368283 -0.146443 0.784662
-0.125245 -0.199941 0.810588
-0.000139864 -0.148003 0.7843
-0.124596 -0.19994 0.809283
0.00768049 -0.148022 0.785471
-0.124548 -0.199135 0.810596
0.00113171 -0.14639 0.786514
-0.125442 -0.198717 0.810478
-0.00260902 -0.147111 0.783478
-0.125994 -0.201141 0.80953
0.000213441 -0.146858 0.784312
-0.125856 -0.201371 0.808384
-0.00296389 -0.146595 0.786544
-0.124979 -0.201116 0.808339
-0.00996549 -0.147494 0.784138
-0.123324 -0.200375 0.809047
-0.00863041 -0.145336 0.78549
-0.123263 -0.200544 0.810083
-0.00379171 -0.146055 0.78529
-0.123504 -0.201415 0.809518
-0.00184585 -0.147405 0.783937
-0.123809 -0.202154 0.809249
-0.000203518 -0.147541 0.78399
-0.125587 -0.201293 0.808919
-0.0025714 -0.149991 0.78401
-0.125157 -0.20135 0.808048
-0.000934626 -0.148451 0.783854
-0.125535 -0.200621 0.808864
-0.00293064 -0.152213 0.783578
-0.123381 -0.200109 0.810454
0.00207829 -0.148754 0.784804
-0.123228 -0.201892 0.807585
-0.00160536 -0.151865 0.784043
-0.124561 -0.201112 0.809385
0.00309945 -0.149239 0.784705
-0.126216 -0.200865 0.808753
0.000824973 -0.148439 0.785505
-0.126003 -0.201633 0.808261
0.00689076 -0.147435 0.782977
-0.124908 -0.201813 0.80758
0.0079918 -0.144005 0.784313
-0.12428 -0.201711 0.808875
0.00365796 -0.14613 0.784977
-0.124177 -0.201544 0.808899
0.00429877 -0.14569 0.784542
-0.126133 -0.201211 0.808676
0.00535577 -0.147027 0.784912
-0.125349 -0.201356 0.808457
0.00679192 -0.147112 0.784182
-0.123861 -0.201951 0.808616
0.00110282 -0.145727 0.78487
-0.123789 -0.201117 0.808849
0.000709561 -0.145682 0.784398
-0.124463 -0.200073 0.809718
-0.00608975 -0.1477 0.785739
-0.124155 -0.201012 0.810344
0.000212325 -0.146182 0.785061
-0.124156 -0.200082 0.809534
0.00698686 -0.146524 0.783188
-0.125605 -0.201352 0.808199
0.00551142 -0.14556 0.783548
-0.124889 -0.201698 0.808292
-0.000510521 -0.146913 0.784661
-0.126834 -0.200464 0.808906
9.32912e-05 -0.144865 0.785406
-0.12594 -0.20188 0.808124
-0.00513287 -0.145082 0.784797
-0.125737 -0.201316 0.808426
-0.0065498 -0.143908 0.785176
-0.126612 -0.20055 0.80921
-0.00485209 -0.14582 0.785098
-0.125748 -0.199921 0.809154
-0.00394525 -0.145572 0.783714
-0.12536 -0.20066 0.809607
0.000447978 -0.145602 0.783704
-0.123868 -0.201017 0.808591
-0.0016672 -0.144811 0.784135
-0.12547 -0.20143 0.808265
-0.000376587 -0.146702 0.784403
-0.125119 -0.202213 0.807736
-0.00192844 -0.148974 0.782442
-0.126116 -0.200581 0.808665
0.00481875 -0.148133 0.779756
-0.125172 -0.201006 0.80901
0.00475904 -0.151008 0.781485
-0.125063 -0.201334 0.809495
0.0054851 -0.151259 0.781756
-0.124664 -0.201306 0.808432
-0.00578377 -0.151579 0.783022
-0.123621 -0.202005 0.808272
-0.00754802 -0.148949 0.783824
-0.124642 -0.202054 0.808386
-0.00310928 -0.149672 0.783875
-0.125502 -0.200682 0.808356
0.000689192 -0.148914 0.783823
-0.124391 -0.200505 0.80941
-0.000287773 -0.148005 0.783931
-0.122881 -0.201284 0.809243
-0.00413212 -0.147053 0.785438
-0.124003 -0.201161 0.80836
-0.0013511 -0.147697 0.783841
-0.124456 -0.200938 0.809447
0.00108461 -0.147479 0.78439
-0.125041 -0.200688 0.809998
-0.00614779 -0.148034 0.784144
-0.125063 -0.201992 0.808445
-0.00320236 -0.148112 0.784697
-0.124551 -0.202452 0.808452
-0.00549955 -0.149189 0.784898
-0.12678 -0.202087 0.807418
-0.00719245 -0.147939 0.784297
-0.124161 -0.201429 0.808925
-0.00926639 -0.148037 0.785212
-0.124436 -0.201348 0.809086
-0.0119625 -0.148579 0.784661
-0.124736 -0.202475 0.807337
-0.0116183 -0.148662 0.7852
-0.124269 -0.202845 0.807223
-0.00212987 -0.146602 0.784376
-0.12538 -0.201735 0.80868
0.00150677 -0.150586 0.785388
-0.125277 -0.202213 0.808659
0.0043078 -0.148403 0.784994
-0.125458 -0.202483 0.807676
0.00178892 -0.147118 0.786848
-0.125033 -0.202484 0.807648
-0.00153053 -0.147788 0.782955
-0.125535 -0.201412 0.80799
-0.00194167 -0.145078 0.782859
-0.126556 -0.201072 0.809126
-0.0047828 -0.144301 0.783653
-0.126119 -0.200966 0.809874
-0.0107986 -0.14182 0.784469
-0.127976 -0.200132 0.809354
0.00284392 -0.144734 0.785323
-0.127616 -0.200726 0.809233
0.000665821 -0.142246 0.785007
-0.127881 -0.199915 0.809745
-0.00456896 -0.143826 0.784467
-0.127695 -0.200203 0.809625
-0.00356031 -0.143847 0.786243
-0.127068 -0.200071 0.809499
-0.00425218 -0.144574 0.784665
-0.126667 -0.201199 0.808733
-0.00323896 -0.152721 0.786836
-0.127433 -0.200282 0.809526
-0.00326846 -0.149456 0.784171
-0.128587 -0.199451 0.809243
-0.00882486 -0.148399 0.783729
-0.127709 -0.199844 0.809493
-0.00695865 -0.149709 0.782789
-0.126495 -0.201003 0.808668
-0.00487261 -0.148977 0.784721
-0.126836 -0.200545 0.808671
-0.000524715 -0.147567 0.783733
-0.126401 -0.200111 0.81024
0.00697584 -0.142228 0.782047
-0.126495 -0.199952 0.809636
0.00545626 -0.145014 0.783875
-0.127159 -0.201909 0.807249
0.000823189 -0.143632 0.78495
-0.126408 -0.202013 0.807721
-0.00159808 -0.145115 0.785446
-0.1259 -0.201266 0.808339
-0.00288472 -0.145754 0.786274
-0.125718 -0.201065 0.80934
-0.0041237 -0.147406 0.785271
-0.125619 -0.200399 0.808951
-0.00249627 -0.144568 0.786667
-0.12528 -0.201439 0.809159
0.0026242 -0.14312 0.784661
-0.124773 -0.202942 0.8078
0.00292479 -0.143008 0.781538
-0.125427 -0.202771 0.807925
0.00477658 -0.144084 0.781433
-0.124129 -0.201804 0.809368
-0.00672338 -0.140549 0.785268
-0.125327 -0.199567 0.810664
-0.00750858 -0.14293 0.783741
-0.126039 -0.201004 0.810122
-0.00308461 -0.14732 0.784729
-0.125312 -0.200335 0.809693
-0.00669151 -0.145037 0.783865
-0.12555 -0.201006 0.809152
0.000596686 -0.144262 0.784479
-0.126569 -0.201402 0.809406
0.00129631 -0.145379 0.786682
-0.125222 -0.200611 0.810071
-0.00425934 -0.146792 0.786841
-0.124039 -0.202337 0.808612
-0.00559151 -0.146696 0.780614
-0.124352 -0.20145 0.809648
-0.00216094 -0.142282 0.786718
-0.126464 -0.199951 0.809404
-2.17529e-07 -0.143591 0.788192
-0.127041 -0.200469 0.80991
0.00222673 -0.144547 0.786018
-0.126465 -0.199979 0.80904
0.00237824 -0.144302 0.785589
-0.126203 -0.200278 0.808053
0.00837992 -0.145847 0.783453
-0.125767 -0.201091 0.808278
0.00810544 -0.147525 0.784558
-0.124497 -0.201289 0.809211
0.0080206 -0.145739 0.783927
-0.125292 -0.200671 0.808563
0.00371516 -0.145323 0.784398
-0.125575 -0.201466 0.808594
0.00161443 -0.145658 0.785401
-0.125451 -0.202105 0.808031
-0.000194407 -0.144172 0.783193
-0.124925 -0.201736 0.807345
0.000964286 -0.147765 0.786042
-0.126438 -0.20166 0.808431
0.0107125 -0.145305 0.783722
-0.126754 -0.201392 0.807062
0.00670351 -0.146282 0.783969
-0.125291 -0.200635 0.809242
0.00483556 -0.146255 0.784494
-0.125215 -0.20183 0.80873
0.00376879 -0.147137 0.78506
-0.125393 -0.200883 0.80886
0.00426426 -0.14543 0.783206
-0.123436 -0.199421 0.811506
-0.0181262 -0.138724 0.780067
-0.12547 -0.199574 0.811482
-0.0140624 -0.146085 0.779834
-0.125409 -0.199851 0.810519
-0.0152226 -0.150104 0.787269
-0.12605 -0.199523 0.809606
-0.010539 -0.14949 0.792362
-0.126447 -0.200812 0.809037
-0.00920067 -0.145214 0.788891
-0.125364 -0.202249 0.809196
-0.00428146 -0.143765 0.785111
-0.124491 -0.200337 0.811305
-0.00267378 -0.142636 0.786502
-0.12533 -0.2006 0.809875
-0.00105578 -0.142192 0.784797
-0.12657 -0.200898 0.809548
0.00356967 -0.142329 0.784492
-0.125549 -0.199944 0.810101
0.00226765 -0.141836 0.78563
-0.126021 -0.200861 0.808877
0.00731839 -0.143517 0.784306
-0.125834 -0.200249 0.809847
0.0122005 -0.142981 0.784096
-0.127084 -0.200276 0.809984
0.0138949 -0.146516 0.784688
-0.12643 -0.200552 0.809112
0.0125288 -0.146429 0.785081
-0.125727 -0.20027 0.80956
0.0103989 -0.149623 0.781079
-0.124946 -0.199807 0.809651
0.010635 -0.147425 0.781396
-0.124907 -0.200552 0.810106
0.00875216 -0.147643 0.781934
-0.125094 -0.201705 0.808644
0.00320083 -0.149087 0.786179
-0.124486 -0.201632 0.810266
-0.000611086 -0.151564 0.784044
-0.123761 -0.200948 0.810221
0.00334801 -0.146401 0.78251
-0.123758 -0.200676 0.810263
0.00892885 -0.146404 0.782875
-0.124868 -0.201204 0.809997
0.00711465 -0.145404 0.783984
-0.123187 -0.202092 0.808973
0.00845896 -0.144928 0.783335
-0.123487 -0.201323 0.809386
0.00258529 -0.147119 0.783129
-0.123264 -0.199526 0.812006
-0.00482024 -0.145353 0.786033
-0.124031 -0.200391 0.809596
-0.00417375 -0.148002 0.78301
-0.124691 -0.200567 0.808803
-0.00476736 -0.149388 0.784859
-0.123304 -0.201486 0.808883
-0.00116933 -0.146829 0.783946
-0.122287 -0.202203 0.807467
-0.00371044 -0.145464 0.784438
-0.124181 -0.201272 0.809409
-0.00787685 -0.146266 0.785076
-0.122624 -0.200924 0.810292
-0.00735731 -0.145699 0.785217
-0.122649 -0.200784 0.809308
-0.00712458 -0.147144 0.785092
-0.12333 -0.201335 0.809056
-0.00185383 -0.149934 0.784123
-0.124632 -0.200737 0.809348
-0.00195843 -0.148477 0.784312
-0.123747 -0.201883 0.809207
0.00218751 -0.145288 0.783674
-0.124877 -0.201279 0.808218
0.00137422 -0.143918 0.78435
-0.124888 -0.200089 0.808848
-0.00306213 -0.145183 0.778395
-0.125987 -0.199456 0.810313
-0.00150263 -0.143333 0.788045
-0.126503 -0.199178 0.811126
0.00078468 -0.146747 0.784958
-0.12715 -0.199007 0.811479
-0.00821101 -0.147432 0.784397
-0.128849 -0.199363 0.810677
-0.00181794 -0.145145 0.786501
-0.118318 -0.197085 0.810089
-0.00604096 -0.145757 0.78531
-0.123618 -0.198586 0.812963
-0.00685863 -0.14357 0.784837
-0.125284 -0.198239 0.813845
-0.00421602 -0.143754 0.78222
-0.125593 -0.19843 0.81254
-0.0123763 -0.148283 0.785746
-0.124325 -0.199443 0.811414
-0.00878937 -0.15028 0.785228
-0.125714 -0.198762 0.811326
-0.0068181 -0.144456 0.786254
-0.126049 -0.198589 0.811392
0.000984945 -0.14842 0.784879
-0.127675 -0.198987 0.809435
0.00438241 -0.149294 0.786712
-0.12799 -0.200105 0.809188
0.0089144 -0.149167 0.781703
-0.12776 -0.201941 0.809019
0.0292035 -0.153136 0.782563
-0.127159 -0.200464 0.809737
0.0220014 -0.151076 0.782758
-0.126434 -0.199948 0.809348
0.0181083 -0.148784 0.783449
-0.126501 -0.198675 0.809515
0.00632138 -0.149434 0.785036
-0.12648 -0.19821 0.810797
-0.000259689 -0.149195 0.784686
-0.126931 -0.19864 0.810636
-0.00402882 -0.145791 0.784024
-0.12785 -0.197838 0.809766
-0.00409157 -0.144007 0.781954
-0.127064 -0.198178 0.810236
0.000125853 -0.143981 0.779817
-0.128367 -0.197087 0.808679
0.00792866 -0.145479 0.778556
-0.128939 -0.197049 0.808113
0.00899131 -0.142478 0.780549
-0.132531 -0.192962 0.808802
0.0109626 -0.144428 0.7793
-0.134951 -0.191667 0.806736
0.0137813 -0.144303 0.778742
-0.133786 -0.191101 0.807412
0.0101278 -0.142743 0.77914
-0.132678 -0.192527 0.806378
0.0121351 -0.143563 0.777989
-0.132811 -0.193372 0.80511
0.0209648 -0.140425 0.777481
-0.131916 -0.194477 0.805471
0.0275368 -0.138914 0.778979
-0.131578 -0.194348 0.805397
0.0205678 -0.139875 0.778249
-0.133047 -0.193469 0.805346
0.0191199 -0.140768 0.778763
-0.132915 -0.192637 0.806077
0.0236057 -0.137291 0.777932
-0.133248 -0.191756 0.806934
0.0251324 -0.136562 0.777123
-0.1312 -0.193498 0.805319
0.0204262 -0.137307 0.778416
-0.132151 -0.193234 0.806256
0.021887 -0.138565 0.778956
-0.133598 -0.191705 0.80668
0.0231276 -0.136627 0.77915
-0.133052 -0.192923 0.806077
0.0136872 -0.137918 0.780335
-0.132668 -0.193642 0.803831
0.0181581 -0.139557 0.780891
-0.133051 -0.193438 0.804328
0.021713 -0.138369 0.78008
-0.130348 -0.193716 0.80595
0.0233474 -0.1369 0.777153
-0.129644 -0.194011 0.80615
0.0254812 -0.140439 0.777364
-0.130407 -0.192319 0.807219
0.0233165 -0.136866 0.778165
-0.128959 -0.193747 0.806857
0.0228791 -0.135903 0.779397
-0.129464 -0.193759 0.806035
0.0200766 -0.134432 0.77907
-0.129572 -0.194091 0.806255
0.0212622 -0.134587 0.77935
-0.129467 -0.193123 0.807134
0.0189602 -0.136317 0.77873
-0.130126 -0.194508 0.806484
0.0194488 -0.136874 0.779083
-0.130616 -0.194556 0.804371
0.0126708 -0.138134 0.780945
-0.129769 -0.194188 0.805345
0.0195609 -0.137399 0.779476
-0.128613 -0.195224 0.804668
0.0209923 -0.137483 0.779433
-0.129172 -0.194758 0.804612
0.0180484 -0.137809 0.779582
-0.129277 -0.193599 0.806006
0.00967444 -0.137612 0.778738
-0.128201 -0.194415 0.805659
0.00327934 -0.132272 0.776094
-0.127766 -0.194695 0.804299
-0.00237111 -0.143858 0.781768
-0.12888 -0.193834 0.806042
-0.0029262 -0.144538 0.781283
-0.129781 -0.193704 0.805706
0.00092402 -0.142214 0.779838
-0.131824 -0.193605 0.80514
0.00358992 -0.143372 0.779444
-0.131029 -0.19431 0.804564
0.00495619 -0.140018 0.779521
-0.129887 -0.194665 0.803743
0.00768806 -0.139021 0.778985
-0.130415 -0.194937 0.804795
0.00837231 -0.137737 0.778641
-0.130811 -0.194024 0.804511
0.0170873 -0.139494 0.777376
-0.130541 -0.194893 0.804677
0.0164944 -0.139952 0.778535
-0.131465 -0.194482 0.804318
0.0076833 -0.140756 0.780316
-0.131209 -0.194603 0.805388
0.0183971 -0.140108 0.777975
-0.131752 -0.194017 0.805488
0.0121625 -0.141548 0.780874
-0.13234 -0.193473 0.805983
0.0130238 -0.140093 0.779686
-0.131378 -0.193704 0.805644
0.0134039 -0.140401 0.776801
-0.131267 -0.193576 0.806552
0.0126844 -0.140519 0.78025
-0.129899 -0.193818 0.80655
0.0138905 -0.141755 0.779052
-0.129383 -0.192934 0.806593
0.0107426 -0.139062 0.778718
-0.130573 -0.193428 0.806696
0.00636244 -0.13842 0.782564
-0.130958 -0.194482 0.805279
0.00505017 -0.139016 0.779217
-0.12972 -0.195374 0.805395
0.00829512 -0.137242 0.780581
-0.130264 -0.195286 0.805051
0.0147171 -0.139919 0.780894
-0.129587 -0.19445 0.805579
0.0175512 -0.138444 0.779895
-0.128981 -0.194761 0.806108
0.0155411 -0.139812 0.778787
-0.128955 -0.194758 0.805392
0.0104502 -0.140481 0.779376
-0.129596 -0.194802 0.805287
0.0122313 -0.137172 0.779934
-0.128441 -0.19468 0.805332
0.0153246 -0.137605 0.777439
-0.130087 -0.192927 0.804863
0.0144855 -0.138268 0.778021
-0.130213 -0.193983 0.804704
0.0125424 -0.142071 0.779662
-0.131192 -0.194037 0.80461
0.0113208 -0.141379 0.779737
-0.131439 -0.194822 0.804045
0.0161916 -0.139977 0.779391
-0.131594 -0.194035 0.805169
0.011432 -0.139984 0.780353
-0.132185 -0.193982 0.80522
0.0168187 -0.142534 0.779247
-0.130724 -0.194669 0.805208
0.0199035 -0.141735 0.777995
-0.130805 -0.194176 0.80616
0.0121539 -0.141623 0.7788
-0.130431 -0.194317 0.805556
0.0122437 -0.140522 0.779467
-0.130352 -0.194444 0.805009
0.0146253 -0.140568 0.778401
-0.131357 -0.194111 0.805689
0.0156928 -0.140437 0.778628
-0.130281 -0.193914 0.805164
0.0162834 -0.146032 0.778769
-0.130052 -0.194245 0.806048
0.0298728 -0.141737 0.780051
-0.128932 -0.194829 0.805742
0.0129431 -0.140227 0.77566
-0.13008 -0.194245 0.805408
0.00639154 -0.146144 0.778087
-0.131184 -0.194138 0.805402
0.0158854 -0.148205 0.777966
-0.130028 -0.194066 0.806134
0.0184189 -0.14377 0.779645
-0.129675 -0.193595 0.806222
0.0198309 -0.141223 0.778998
-0.13177 -0.194471 0.804842
0.0213814 -0.139762 0.779243
-0.131611 -0.195397 0.803605
0.0192694 -0.1392 0.77831
-0.130742 -0.195433 0.8041
0.0213793 -0.138378 0.779268
-0.129697 -0.194636 0.804482
0.01356 -0.139753 0.779493
-0.128967 -0.194798 0.803889
0.0169091 -0.140083 0.777524
-0.128931 -0.195335 0.80436
0.019961 -0.139664 0.774362
-0.129782 -0.195012 0.805296
0.0258344 -0.137535 0.779869
-0.130275 -0.193954 0.80717
0.0322431 -0.138638 0.77542
-0.128989 -0.194542 0.805883
0.0340871 -0.139937 0.775884
-0.129305 -0.194245 0.805834
0.0224273 -0.142503 0.77903
-0.129984 -0.194532 0.80584
0.0138495 -0.141376 0.778069
-0.129176 -0.195291 0.803749
0.0103867 -0.14197 0.77982
-0.129931 -0.194978 0.80414
0.0146487 -0.140643 0.778565
-0.128362 -0.195641 0.804841
0.0182894 -0.13939 0.777593
-0.128851 -0.194884 0.805246
0.0190694 -0.140989 0.777877
-0.130201 -0.194326 0.805524
0.0145571 -0.139561 0.777011
-0.129159 -0.194696 0.8056
0.0184065 -0.141513 0.779667
-0.127678 -0.194192 0.806856
0.0136096 -0.141425 0.779627
-0.128857 -0.195068 0.805619
0.0200875 -0.139313 0.778886
-0.129103 -0.194915 0.805302
0.0251294 -0.141061 0.777911
-0.129855 -0.193256 0.805747
0.0151563 -0.14386 0.776681
-0.128968 -0.194212 0.805566
0.00678167 -0.139392 0.777866
-0.129609 -0.193579 0.806249
0.00332618 -0.140219 0.781501
-0.128575 -0.194089 0.806867
0.00350574 -0.138407 0.781023
-0.129992 -0.192818 0.806186
0.00891911 -0.138903 0.779351
-0.130502 -0.193591 0.806822
0.00944335 -0.138615 0.775835
-0.130809 -0.193444 0.806306
0.0087217 -0.140171 0.777218
-0.132145 -0.194314 0.804957
0.0189159 -0.137843 0.777416
-0.132652 -0.194893 0.804164
0.0301173 -0.136587 0.776201
-0.13069 -0.195279 0.803289
0.0252226 -0.136934 0.777532
-0.130899 -0.194687 0.804635
0.0245389 -0.136857 0.778389
-0.130636 -0.19337 0.805297
0.023439 -0.138929 0.777089
-0.131865 -0.192371 0.807448
0.0134452 -0.139457 0.779011
-0.131653 -0.192507 0.805463
0.0252943 -0.143747 0.777519
-0.132007 -0.193688 0.805302
0.0269243 -0.139845 0.779428
-0.132105 -0.192954 0.80705
0.0286827 -0.141204 0.777068
-0.132375 -0.191816 0.807521
0.0277395 -0.139252 0.77824
-0.131276 -0.191935 0.807463
0.0249778 -0.140057 0.777418
-0.132187 -0.193307 0.806844
0.0240486 -0.139692 0.776743
-0.131631 -0.194468 0.806442
0.0252945 -0.139102 0.778337
-0.131816 -0.19298 0.806029
0.0232271 -0.136732 0.778348
-0.131279 -0.193208 0.805456
0.0233739 -0.137152 0.77796
-0.129983 -0.194631 0.805437
0.0236696 -0.136189 0.777421
-0.129725 -0.194528 0.80583
0.0255925 -0.136189 0.777424
-0.129488 -0.193019 0.805942
0.0281509 -0.135239 0.776673
-0.130269 -0.194127 0.805717
0.0384717 -0.135679 0.77435
-0.130657 -0.193263 0.806507
0.0353547 -0.134821 0.773645
-0.131023 -0.193596 0.806421
0.0307327 -0.137364 0.777308
-0.130656 -0.193853 0.806067
0.0265635 -0.137253 0.771626
-0.132056 -0.195027 0.804669
0.0230517 -0.141702 0.767655
-0.132223 -0.192951 0.806144
0.0262457 -0.137152 0.780297
-0.13098 -0.194102 0.804986
0.0259962 -0.139064 0.776764
-0.130657 -0.193594 0.805971
0.0285538 -0.137674 0.776114
-0.130064 -0.193284 0.806849
0.02727 -0.139896 0.773112
-0.127918 -0.193607 0.805897
0.0294564 -0.142483 0.772633
-0.127535 -0.193354 0.806135
0.0287897 -0.14378 0.774938
-0.127901 -0.194164 0.806451
0.0442601 -0.154527 0.779854
-0.128903 -0.194595 0.804015
0.0583701 -0.137762 0.775124
-0.128746 -0.195308 0.804441
0.0570605 -0.13969 0.773755
-0.129765 -0.194975 0.804339
0.0528176 -0.137042 0.772038
-0.129657 -0.194346 0.80513
0.0671019 -0.139075 0.770695
-0.129118 -0.194196 0.806151
0.0625301 -0.138016 0.772207
-0.12876 -0.193786 0.806028
0.0500046 -0.139661 0.772058
-0.128827 -0.193681 0.805329
0.0516746 -0.136965 0.772059
-0.130256 -0.192765 0.806694
0.0451268 -0.137145 0.774664
-0.130832 -0.192892 0.807192
0.0403996 -0.133948 0.775971
-0.128862 -0.194111 0.805923
0.0373059 -0.135605 0.775504
-0.129209 -0.194621 0.805503
0.0455612 -0.13402 0.772441
-0.129865 -0.193997 0.805583
0.0503346 -0.133951 0.772132
-0.128651 -0.193836 0.806451
0.0496889 -0.13666 0.772369
-0.130147 -0.193494 0.806334
0.0516428 -0.135237 0.77308
-0.130041 -0.193436 0.806438
0.0493838 -0.137607 0.77328
-0.131406 -0.193451 0.804857
0.0501836 -0.141843 0.774766
-0.130611 -0.193024 0.805758
0.0393286 -0.140445 0.775306
-0.13134 -0.194621 0.805286
0.0350965 -0.138823 0.774684
-0.131778 -0.193491 0.806367
0.0271754 -0.139492 0.778464
-0.130094 -0.193961 0.805559
0.0231984 -0.137575 0.775596
-0.131401 -0.195118 0.804373
0.0279448 -0.137762 0.775951
-0.131185 -0.194094 0.805313
0.0292955 -0.135638 0.778162
-0.132689 -0.192751 0.805507
0.0288262 -0.135476 0.775666
-0.133605 -0.193088 0.805261
0.0292684 -0.130411 0.780869
-0.132801 -0.194266 0.804732
0.0298864 -0.133184 0.776555
-0.132502 -0.194542 0.804914
0.0372733 -0.13597 0.772267
-0.134319 -0.192488 0.805865
0.0479409 -0.13044 0.774395
-0.13446 -0.193024 0.804354
0.0420527 -0.135219 0.779379
-0.133404 -0.19311 0.804728
0.0454154 -0.137269 0.775928
-0.13255 -0.19432 0.804637
0.0505543 -0.134238 0.772208
-0.130123 -0.195469 0.804856
0.0393196 -0.134283 0.775684
-0.130844 -0.194814 0.805037
0.0392766 -0.13455 0.774701
-0.13145 -0.194128 0.805726
0.0379376 -0.134642 0.774594
-0.132525 -0.194801 0.805022
0.0200257 -0.137072 0.776295
-0.132493 -0.194459 0.80374
0.0236548 -0.13533 0.776328
-0.132519 -0.19479 0.804077
0.0289931 -0.134175 0.774852
-0.130888 -0.193877 0.804284
0.0330316 -0.132502 0.77461
-0.131497 -0.193955 0.804777
0.0288705 -0.134055 0.774952
-0.130621 -0.195233 0.804219
0.0299182 -0.134159 0.776928
-0.131807 -0.194843 0.805008
0.03519 -0.132949 0.776736
-0.128854 -0.194131 0.805322
0.0312836 -0.13241 0.773952
-0.130126 -0.193528 0.805536
0.0407423 -0.134288 0.776815
-0.129681 -0.194354 0.805171
0.0678263 -0.142304 0.773706
-0.128554 -0.194475 0.804467
0.0575411 -0.139354 0.776171
-0.129415 -0.194388 0.805293
0.0421071 -0.130702 0.77682
-0.129225 -0.193707 0.805084
0.0479984 -0.13396 0.772903
-0.1294 -0.194105 0.805959
0.0383391 -0.132933 0.770309
-0.128883 -0.194211 0.805233
0.0438151 -0.137069 0.772729
-0.129533 -0.19546 0.804184
0.0588696 -0.140538 0.775651
-0.130373 -0.194123 0.805465
0.0531262 -0.138712 0.770882
-0.13054 -0.194462 0.805207
0.0489167 -0.139672 0.773078
-0.131556 -0.195174 0.804336
0.0467694 -0.141541 0.773782
-0.131953 -0.195374 0.804201
0.0379114 -0.139146 0.7737
-0.129948 -0.194938 0.804886
0.0380151 -0.140028 0.773011
-0.129447 -0.19467 0.804924
0.0388522 -0.137065 0.774148
-0.130308 -0.194107 0.805621
0.0380331 -0.130795 0.770839
-0.131524 -0.193744 0.805839
0.0417731 -0.133023 0.7737
-0.13056 -0.193967 0.805429
0.0418739 -0.134521 0.772668
-0.130863 -0.193822 0.805055
0.0393792 -0.135692 0.776615
-0.130468 -0.196 0.803823
0.0268417 -0.133611 0.775126
-0.129444 -0.195383 0.80415
0.0237798 -0.136208 0.77564
-0.130571 -0.195377 0.803875
0.0260066 -0.135696 0.77537
-0.130425 -0.195106 0.804944
0.0257406 -0.133742 0.774136
-0.13062 -0.193929 0.805194
0.0319782 -0.136587 0.773257
-0.129802 -0.194331 0.804299
0.0324809 -0.135138 0.775155
-0.129059 -0.195038 0.803648
0.0280938 -0.136316 0.777809
-0.130888 -0.195891 0.803663
0.0319253 -0.132733 0.77673
-0.131194 -0.196187 0.802972
0.0446657 -0.134126 0.773604
-0.131591 -0.195633 0.803958
0.046275 -0.132542 0.774291
-0.13306 -0.195108 0.803141
0.045074 -0.131614 0.775292
-0.132889 -0.195427 0.803272
0.0467138 -0.137251 0.772821
-0.132777 -0.193782 0.803965
0.0441596 -0.132868 0.775809
