0.143675729732
0.140745426358
0.134205531614
0.13142640912
0.135354601993
0.135274403384
0.140217264791
0.137663760367
0.137676402573
0.12223119531
0.132865559353
0.128341651257
0.131660918807
0.128896098691
0.134170393239
0.13526060599
0.139606790896
0.135530650287
0.138051857039
0.137930323294
0.135329539092
0.135315411817
0.138765374553
0.136906077282
0.139282079051
0.140386161535
0.14281699484
0.146652353968
0.140381235104
0.137945259609
0.139520528513
0.137786481293
0.140780707026
0.138163870004
0.130649269792
0.131521145736
0.138301284453
0.141031442491
0.140101474772
0.146464518962
0.151319647987
0.160205175156
0.15710139738
0.146502365886
0.144077335382
0.14165415818
0.130219321524
0.128226929669
0.134715244114
0.132727771604
0.125840931097
0.130689391124
0.13042195393
0.126487125058
0.126659494328
0.130609872013
0.134557715467
0.142431707027
0.144558589295
0.139647552623
0.140545810702
0.141676160175
0.154323153036
0.150401524916
0.145127594311
0.1397965036
0.135244670698
0.134318934413
0.13068457979
0.132564993588
0.136035138309
0.124662871931
0.117962429624
0.115198708683
0.132850706525
0.133237842281
0.134801035823
0.136491441357
0.139263516315
0.136323271736
0.142448386976
0.147044161016
0.152237468779
0.154679012815
0.150522798756
0.147593913099
0.146611632795
0.148224471329
0.145516898736
0.145243166599
0.143235615596
0.14108838956
0.139329692241
0.138568872521
0.130745406661
0.13099264784
0.134411990856
0.141193842456
0.148882517954
0.149581346157
0.139510863338
0.129620228856
0.113542240078
0.130583207995
0.137438857028
0.133891552079
0.133798485418
0.138525501431
0.14084923354
0.146435412929
0.137375466006
0.139592430633
0.141510515506
0.140818735351
0.139628686001
0.140206964395
0.14150283236
0.139239158284
0.134767880531
0.135260408937
0.141079318761
0.142478258427
0.133924598224
0.153754475409
0.148452699113
0.14493829188
0.149198765312
0.147760628876
0.152537006602
0.157693903855
0.16903719123
0.171867097052
0.171570539803
0.170025033213
0.167474554922
0.14267375677
0.136121926754
0.136099921137
0.128126485706
0.131242804592
0.130341141306
0.141657521014
0.133541753854
0.125100322259
0.130260397028
0.130243060445
0.127100984438
0.130506164863
0.134870062462
0.129133054471
0.134018670094
0.133168197009
0.134693619816
0.134791986268
0.138413043092
0.142807022096
0.144097234132
0.12937644832
0.128162672211
0.127713487468
0.13638649756
0.140468092095
0.135839082501
0.130276212068
0.135666403861
0.136188586307
0.132950099364
0.138810703125
0.143554436951
0.133097353147
0.127570924689
0.128852058292
0.131372328488
0.132204492419
0.136041883571
0.133806296336
0.134543312624
0.135730547414
0.135079650345
0.134462165704
0.133689043146
0.136381555366
0.138383903216
0.137243276169
0.13532019308
0.137152951285
0.143972837583
0.139044209833
0.137192568653
0.13944401137
0.135407712241
0.127542190006
0.129589234133
0.134099805969
0.136063074722
0.138678585598
0.135065915954
0.137377080333
0.132380645927
0.138001041005
0.134853896424
0.141301223592
0.139401477421
0.144683059238
0.146386827806
0.141367430755
0.143796655115
0.143491268608
0.143786375507
0.138711972244
0.138807972784
0.131859692956
0.137737496682
0.145644296295
0.144111103376
0.139331084015
0.140182767271
0.135151576277
0.134910641496
0.134615862333
0.135818543324
0.138364183878
0.138257373579
0.138515593386
0.137016342955
0.143349034634
0.142024745892
0.141968656456
0.130636735837
0.130898560043
0.13483811542
0.137700327816
0.136045758814
0.133499519175
0.136547016522
0.139264628829
0.13282632094
0.135065273312
0.134217347449
0.130955565644
0.129135857393
0.127030870635
0.126929075584
0.137189382425
0.138856079829
0.142401834165
0.139935104061
0.137402304133
0.139118706745
0.136458552302
0.133229484874
0.14396729799
0.143045333353
0.13773638887
0.137681259441
0.137007472076
0.134911246353
0.137232801023
0.132075018321
0.132626302249
0.13456570746
0.13895442458
0.148012425922
0.146185471528
0.14182607326
0.138303982465
0.136672461573
0.134648090856
0.137171589834
0.142632855867
0.144021081562
0.14397434209
0.134888471772
0.134603146703
0.135548243763
0.133788272936
0.14162431509
0.140016077328
0.133814761576
0.133959052165
0.138894272317
0.14087632455
0.142000987597
0.142024924404
0.147185516633
0.14519554125
0.14627613079
0.143015482861
0.140868748167
0.139479941318
0.140133082547
0.150291535993
0.144967319794
0.143489067449
0.141907859233
0.141503620042
0.127327593724
0.127398655066
0.123385135737
0.127854087823
0.1309931429
0.135413626814
0.137661435158
0.140758040123
0.143690431305
0.143116565613
0.146970818422
0.152817137485
0.152340075594
0.150375333601
0.14714970267
0.148385902272
0.146802310918
0.140160933036
0.135240216294
0.140967877235
0.14710621997
0.144279241257
0.145838221966
0.139349985904
0.133400156345
0.13398793088
0.131690125683
0.135236856305
0.135097148496
0.12957720499
0.130026563782
0.130440167948
0.135246901859
0.13529381968
0.141006346377
0.140347716206
0.138111697251
0.138839796478
0.140718703049
0.133943987518
0.129716696396
0.131833045877
0.133621599619
0.136532555275
0.125732665826
0.129240005527
0.133335322581
0.140404416143
0.14355968524
0.149034058347
0.165612793184
0.158519930788
0.155178599953
0.143801717051
0.138433491452
0.136759735996
0.137319289632
0.141998857573
0.149217416888
0.15289025637
0.155804479659
0.157442464835
0.153667992157
0.155646577306
0.164552720466
0.170553096304
0.164936566667
0.16294495566
0.168554547351
0.168749938672
0.164871758918
0.166637525789
0.168185523756
0.158357414601
0.162224064346
0.163875242273
0.165857953695
0.16698498832
0.165065159635
0.165122136304
0.163379692704
0.164066162522
0.162428975332
0.162745630562
0.155004862956
0.161039970598
0.162676748985
0.159735798621
0.151528736566
0.147868299813
0.138171367877
0.138224161303
0.144579607479
0.146109369535
0.147498087385
0.151212467533
0.152346568887
0.160026587675
0.159781939021
0.151060172091
0.161888534742
0.155588045853
0.156204471537
0.156978890087
0.154474914975
0.154612717861
0.153975742386
0.150052731767
0.148406571855
0.15220550769
0.156226286081
0.15915530621
0.15686303534
0.152430604199
0.154080902306
0.157978267096
0.157333402735
0.154862666913
0.15436124387
0.15945957549
0.15543485575
0.158621814607
0.162038198207
0.154346995047
0.154575255156
0.157868045235
0.157709540331
0.156469442714
0.169404109891
0.155751388314
0.148244940781
0.155522949575
0.158495018127
0.162745490631
0.164606909718
0.162267355062
0.163170943436
0.154722534138
0.158247556594
0.162613897035
0.16822185628
0.173346594012
0.174766529136
0.16326358231
0.154992203918
0.151955149295
0.155458253221
0.159670190572
0.160906322107
0.156561542357
0.157654685634
0.154434088298
0.161391427127
0.165889496848
0.155375290762
0.149479900057
0.144718112693
0.146339946956
0.152261876708
0.153640563532
0.153441662331
0.16414318845
0.173313295339
0.168653300011
0.167323068413
0.167024096049
0.156740226002
0.167360979776
0.169923097381
0.171547493372
0.170045321777
0.168529600768
0.167685952403
0.168384663667
0.166722875387
0.166063721949
0.166554536147
0.167609327617
0.17148823632
0.181533762338
0.179472298303
0.173390886986
0.172016919823
0.167982426409
0.169034818784
0.168424448401
0.170870473757
0.167460571748
0.168394009154
0.167581598308
0.179372957122
0.197948133318
0.197219623089
0.194102572176
0.206876054035
0.202104070466
0.189752104071
0.193421732081
0.187422779006
0.182115891969
0.179192745888
0.188334766677
0.191832875163
0.191636832863
0.193672101624
0.191834853583
0.19043814275
0.181553326607
0.178436267231
0.168625843697
0.167452342648
0.17134093065
0.173921309891
0.174868239833
0.175822052685
0.175894938812
0.183758067435
0.195152215098
0.186491268581
0.189078573295
0.19354434634
0.182978827559
0.183465693405
0.183309755506
0.165252684225
0.169398212527
0.173183537223
0.178202635547
0.173311406276
0.175003070176
0.177400198579
0.17545944817
0.18291005515
0.205507358968
0.19705180884
0.184724584751
0.190211231224
0.1814880431
0.185603043293
0.198929606836
0.19498600244
0.191384247035
0.189116376107
0.179616513796
0.179018833281
0.181271930417
0.184220484098
0.185525194873
0.185481974843
0.18227836261
0.170538536948
0.167697212996
0.169926498977
0.170398684166
0.174558896685
0.174628177397
0.171734745093
0.176982933393
0.189131966256
0.192114208431
0.191117264364
0.190742365461
