-0.116241 -0.0911133 0.762529
-0.0227554 -0.100329 0.746879
-0.119951 -0.0855132 0.769874
-0.11598 -0.0902138 0.761909
-0.0178011 -0.101317 0.744288
-0.116281 -0.0829668 0.770884
-0.114015 -0.0846577 0.760322
-0.0205822 -0.101369 0.746986
-0.11708 -0.0896393 0.765553
-0.115651 -0.0923028 0.760779
-0.0230729 -0.100454 0.748716
-0.116927 -0.0801316 0.765247
-0.117298 -0.0917753 0.761194
-0.0252469 -0.0975974 0.751241
-0.110988 -0.0767394 0.774181
-0.115655 -0.0876661 0.764074
-0.0203071 -0.100967 0.74677
-0.111404 -0.0819584 0.773059
-0.11521 -0.088879 0.764043
-0.0190504 -0.102629 0.746015
-0.114735 -0.0823254 0.770989
-0.115099 -0.0882929 0.763068
-0.0206933 -0.101176 0.746095
-0.115628 -0.0841065 0.770287
-0.117872 -0.0866929 0.763744
-0.0246978 -0.0987981 0.748405
-0.115217 -0.0860962 0.769989
-0.117591 -0.0865235 0.763497
-0.0235486 -0.10015 0.749099
-0.112378 -0.0863536 0.769944
-0.118451 -0.0873304 0.764152
-0.0223586 -0.0992824 0.749754
-0.115332 -0.0887559 0.767556
-0.119018 -0.0881416 0.762649
-0.0200889 -0.0989352 0.748448
-0.11662 -0.0879543 0.768193
-0.120276 -0.0879412 0.763253
-0.0196343 -0.0992436 0.747059
-0.116468 -0.0869347 0.768044
-0.116814 -0.0881919 0.76296
-0.0218384 -0.0999493 0.748167
-0.11585 -0.0872023 0.766658
-0.118456 -0.0889304 0.763121
-0.022018 -0.0994223 0.749061
-0.11625 -0.0885172 0.76656
-0.119257 -0.0880706 0.763906
-0.0212749 -0.0975438 0.749236
-0.118625 -0.0886005 0.766368
-0.120843 -0.086967 0.763581
-0.0223998 -0.0969168 0.750232
-0.119487 -0.0876891 0.76678
-0.119888 -0.0863118 0.762376
-0.0213084 -0.0979904 0.748991
-0.118617 -0.0873161 0.76707
-0.120345 -0.0867309 0.762386
-0.0221797 -0.0992398 0.746868
-0.117758 -0.087338 0.766571
-0.120125 -0.0859146 0.763518
-0.021927 -0.101115 0.747153
-0.117496 -0.0883303 0.766224
-0.118467 -0.0860381 0.764449
-0.0244629 -0.0995404 0.747508
-0.11639 -0.0882169 0.766358
-0.119477 -0.087591 0.763237
-0.0247305 -0.0992279 0.748854
-0.117288 -0.0886565 0.766721
-0.118832 -0.0873815 0.762266
-0.0239222 -0.0982058 0.748139
-0.117588 -0.0884626 0.766604
-0.119171 -0.0883018 0.7628
-0.0247176 -0.0991896 0.746462
-0.117929 -0.0887407 0.766457
-0.118023 -0.0897962 0.761844
-0.0233624 -0.0997736 0.747351
-0.117645 -0.0896395 0.765976
-0.119031 -0.0906817 0.761167
-0.0246505 -0.0996205 0.748358
-0.116266 -0.0899991 0.766035
-0.118792 -0.0904873 0.76166
-0.0250959 -0.0981638 0.748575
-0.115552 -0.0891691 0.766961
-0.118845 -0.0885683 0.763173
-0.023682 -0.099296 0.747327
-0.116187 -0.0883421 0.767015
-0.117485 -0.0894532 0.762728
-0.0236876 -0.0981835 0.747894
-0.116957 -0.0876922 0.766487
-0.116341 -0.0885913 0.762835
-0.0250829 -0.100633 0.746092
-0.118395 -0.0867404 0.766956
-0.116487 -0.0897175 0.762739
-0.0235401 -0.100174 0.747793
-0.120101 -0.0874939 0.76668
-0.116832 -0.0898355 0.761782
-0.0217536 -0.0993669 0.747339
-0.12019 -0.0882121 0.766095
-0.114562 -0.0916132 0.761881
-0.0235585 -0.100536 0.745299
-0.119361 -0.0865437 0.767594
-0.115045 -0.089436 0.763403
-0.0236144 -0.0988468 0.748413
-0.117265 -0.086885 0.766573
-0.113773 -0.0881213 0.762893
-0.0245019 -0.0989375 0.748684
-0.117218 -0.0862062 0.765773
-0.117871 -0.08777 0.762936
-0.0215898 -0.099908 0.746323
-0.117794 -0.087673 0.766924
-0.115853 -0.0890374 0.764366
-0.0207402 -0.0988734 0.747835
-0.118266 -0.0876559 0.766912
-0.113627 -0.0884002 0.762271
-0.0211679 -0.0981831 0.748404
-0.11739 -0.0877514 0.765697
-0.115268 -0.0898345 0.762011
-0.0210273 -0.0996285 0.746306
-0.117985 -0.0878866 0.765865
-0.115939 -0.0882015 0.764019
-0.0221623 -0.0990999 0.747561
-0.117753 -0.0881778 0.766093
-0.115628 -0.0884457 0.762679
-0.0220297 -0.0982292 0.747564
-0.117907 -0.0886254 0.765868
-0.114248 -0.0893927 0.762671
-0.0221723 -0.0983408 0.748459
-0.117243 -0.0879993 0.766621
-0.114293 -0.09017 0.763256
-0.0206955 -0.0984517 0.748051
-0.118813 -0.0874298 0.765998
-0.113445 -0.0920812 0.761206
-0.021237 -0.0985217 0.746969
-0.118801 -0.0872898 0.76596
-0.112648 -0.0907087 0.761681
-0.0229865 -0.0991876 0.747909
-0.11804 -0.0880324 0.766121
-0.113275 -0.0899336 0.761655
-0.0226189 -0.0983444 0.746893
-0.119979 -0.0879872 0.765737
-0.113028 -0.0897023 0.762935
-0.0217388 -0.0979792 0.747361
-0.118273 -0.0882686 0.765427
-0.112502 -0.0912887 0.76228
-0.0215534 -0.0982982 0.746365
-0.117724 -0.0885386 0.765579
-0.112415 -0.0915509 0.761675
-0.0203455 -0.0989628 0.746527
-0.116583 -0.0893774 0.766065
-0.111243 -0.0897142 0.761789
-0.0204808 -0.0975928 0.747415
-0.116855 -0.0887669 0.766097
-0.111592 -0.0907052 0.761853
-0.0227578 -0.0973763 0.747753
-0.115524 -0.0884982 0.766609
-0.110674 -0.0907071 0.762761
-0.0252663 -0.096531 0.748124
-0.117248 -0.0878491 0.766166
-0.110966 -0.090506 0.762882
-0.0238403 -0.0978754 0.746981
-0.118015 -0.0880067 0.766244
-0.110144 -0.090991 0.761223
-0.0236147 -0.0993527 0.746293
-0.118399 -0.0878821 0.766286
-0.111225 -0.0909108 0.76184
-0.0232494 -0.0994956 0.745723
-0.119913 -0.0871956 0.766676
-0.111812 -0.0901938 0.762499
-0.0245101 -0.0991288 0.745986
-0.120957 -0.0871723 0.766079
-0.111997 -0.0899056 0.762725
-0.0225498 -0.0997432 0.745578
-0.120359 -0.0873765 0.765989
-0.113424 -0.0904098 0.763319
-0.0228885 -0.0993344 0.747345
-0.120736 -0.0880539 0.765883
-0.112857 -0.0909094 0.762464
-0.0224294 -0.0989759 0.746907
-0.122634 -0.0856496 0.766037
-0.111527 -0.0902891 0.761878
-0.0216324 -0.0985152 0.746766
-0.121987 -0.0866412 0.765928
-0.113491 -0.0903691 0.762968
-0.0229402 -0.0986459 0.747511
-0.122389 -0.0884036 0.765923
-0.113002 -0.089952 0.761875
-0.0216251 -0.0980143 0.747161
-0.121668 -0.0878323 0.766538
-0.113616 -0.0888235 0.762024
-0.0223232 -0.0983183 0.747218
-0.122162 -0.0852164 0.765988
-0.11495 -0.0899578 0.762568
-0.0247189 -0.0979023 0.746982
-0.121986 -0.0866239 0.766106
-0.114484 -0.0899872 0.76266
-0.0254398 -0.0972519 0.74848
-0.121111 -0.0880891 0.766717
-0.115147 -0.0894596 0.761606
-0.0261796 -0.0976556 0.747673
-0.12021 -0.0907559 0.769596
-0.116408 -0.0888251 0.761479
-0.0240275 -0.0981348 0.746855
-0.115618 -0.0872206 0.76028
-0.115317 -0.089754 0.761842
-0.0250989 -0.0985732 0.746746
-0.119475 -0.0902237 0.763573
-0.115427 -0.0908395 0.761671
-0.0246709 -0.0981604 0.748292
-0.121627 -0.0904976 0.76559
-0.114894 -0.0910794 0.761291
-0.0238967 -0.0979338 0.748046
-0.123149 -0.0911077 0.764662
-0.111778 -0.0883106 0.762103
-0.0235668 -0.0977532 0.746882
-0.122187 -0.0875656 0.765819
-0.113856 -0.0893877 0.763065
-0.0235343 -0.0987329 0.746759
-0.123154 -0.0883743 0.764932
-0.112414 -0.0893982 0.762423
-0.0223077 -0.0985291 0.747141
-0.122345 -0.0890993 0.764692
-0.114754 -0.09072 0.761465
-0.0206549 -0.0988361 0.747813
-0.123574 -0.0899865 0.76437
-0.115421 -0.0900535 0.761642
-0.021678 -0.0996869 0.746816
-0.122027 -0.0891964 0.765293
-0.113335 -0.0899629 0.762579
-0.0226431 -0.0984635 0.747836
-0.123913 -0.087687 0.765325
-0.115886 -0.0909645 0.762617
-0.0235979 -0.0988841 0.747518
-0.123478 -0.0887632 0.764008
-0.117355 -0.0893932 0.761698
-0.0240925 -0.0992041 0.746844
-0.124792 -0.0895547 0.763744
-0.115726 -0.0886311 0.763341
-0.0225853 -0.0987691 0.747121
-0.124423 -0.0868592 0.765152
-0.115315 -0.0879796 0.762433
-0.025474 -0.099448 0.746828
-0.120454 -0.0864971 0.766681
-0.116178 -0.0890508 0.761872
-0.0266747 -0.0977864 0.748529
-0.120291 -0.0896116 0.765263
-0.116806 -0.0913043 0.760602
-0.0251161 -0.0988496 0.746341
-0.121312 -0.0883415 0.766069
-0.115579 -0.0898954 0.761799
-0.0279728 -0.0980699 0.746987
-0.12136 -0.088547 0.766404
-0.116037 -0.0895802 0.761763
-0.0287827 -0.0973248 0.747013
-0.121628 -0.088887 0.764882
-0.11531 -0.0903201 0.76207
-0.0296058 -0.0975949 0.745866
-0.119675 -0.0891618 0.765318
-0.113775 -0.0879462 0.764
-0.0305226 -0.0992019 0.745579
-0.119357 -0.0881964 0.766221
-0.114622 -0.0881269 0.76325
-0.0289558 -0.0991642 0.745325
-0.119632 -0.0874191 0.76618
-0.115021 -0.0883876 0.763448
-0.0292379 -0.0980363 0.746132
-0.120683 -0.0888685 0.765979
-0.115857 -0.0891075 0.762241
-0.0282217 -0.0978511 0.746563
-0.121143 -0.0893078 0.76562
-0.116395 -0.088335 0.76372
-0.0259022 -0.0991607 0.746047
-0.1208 -0.0897152 0.765908
-0.115097 -0.0876577 0.762634
-0.0244511 -0.0989829 0.746164
-0.118859 -0.0893845 0.765159
-0.114044 -0.0879217 0.763673
-0.0227403 -0.0988507 0.746938
-0.120995 -0.0883661 0.766025
-0.11323 -0.0886208 0.763669
-0.0235934 -0.0979907 0.748386
-0.120387 -0.0888371 0.765889
-0.11578 -0.0878784 0.763642
-0.0227285 -0.0972704 0.748219
-0.120515 -0.0882908 0.766037
-0.115028 -0.089378 0.762666
-0.0224534 -0.0985254 0.747607
-0.118315 -0.0885016 0.766661
-0.113983 -0.0894269 0.762321
-0.0221964 -0.098965 0.746893
-0.117199 -0.0888914 0.765975
-0.114501 -0.0895259 0.762988
-0.0249197 -0.0985573 0.746798
-0.11692 -0.089613 0.765825
-0.114073 -0.0887688 0.762827
-0.0279179 -0.0986895 0.74622
-0.116534 -0.0906293 0.76403
-0.113944 -0.0885749 0.762838
-0.0275391 -0.0980216 0.747548
-0.115898 -0.0901382 0.765682
-0.113967 -0.0891689 0.762619
-0.0236536 -0.0982285 0.746399
-0.117124 -0.090314 0.765389
-0.114595 -0.0892547 0.762456
-0.0210328 -0.0987062 0.747857
-0.116652 -0.0907118 0.765345
-0.113173 -0.0910136 0.761657
-0.0211286 -0.098307 0.746887
-0.118601 -0.0908221 0.764431
-0.11256 -0.091477 0.761479
-0.0219132 -0.0998584 0.746996
-0.117924 -0.0908673 0.764936
-0.112183 -0.0909605 0.762185
-0.0199156 -0.0982566 0.748351
-0.118911 -0.0894873 0.76582
-0.111535 -0.0894248 0.7628
-0.0176728 -0.0982426 0.747404
-0.117143 -0.0892504 0.76566
-0.111086 -0.0917313 0.761938
-0.0192847 -0.0996223 0.745708
-0.117008 -0.0907419 0.765048
-0.111066 -0.0910921 0.762965
-0.0214213 -0.100268 0.746372
-0.116278 -0.0917129 0.764853
-0.109698 -0.089731 0.763114
-0.0215433 -0.0997344 0.747363
-0.11597 -0.0906275 0.765245
-0.11109 -0.0903146 0.762116
-0.0208845 -0.100255 0.746273
-0.116273 -0.0911174 0.765166
-0.111193 -0.0894976 0.761706
-0.02205 -0.0995094 0.745546
-0.116649 -0.0909716 0.765455
-0.11092 -0.0900739 0.763482
-0.0219056 -0.0995254 0.746665
-0.115969 -0.0907355 0.765364
-0.111187 -0.0903853 0.762756
-0.0213081 -0.099206 0.746363
-0.118523 -0.0903126 0.765576
-0.112132 -0.0896635 0.7625
-0.0214748 -0.0990062 0.746306
-0.119128 -0.0900411 0.765587
-0.111848 -0.0896557 0.762968
-0.0213054 -0.0985729 0.747589
-0.120252 -0.0897081 0.765881
-0.114343 -0.0891785 0.763376
-0.0224482 -0.0991907 0.745947
-0.12013 -0.0900685 0.764526
-0.115246 -0.0893439 0.762522
-0.0245271 -0.0996279 0.745981
-0.120133 -0.0898233 0.76481
-0.116162 -0.0883995 0.763002
-0.0239947 -0.098992 0.74732
-0.122006 -0.0880821 0.76491
-0.114773 -0.0882771 0.763341
-0.023544 -0.098466 0.746607
-0.121391 -0.0876332 0.765836
-0.115153 -0.0876657 0.763453
-0.0241866 -0.0977952 0.746496
-0.122087 -0.0873425 0.766234
-0.113772 -0.0875694 0.762589
-0.023942 -0.0990575 0.747278
-0.122136 -0.0866804 0.765477
-0.114567 -0.0894967 0.76304
-0.0215606 -0.0987782 0.746947
-0.123594 -0.0862397 0.766238
-0.113608 -0.0892874 0.762474
-0.0201613 -0.0988056 0.746595
-0.121869 -0.0865229 0.766499
-0.114153 -0.0899918 0.762831
-0.0210153 -0.100294 0.745954
-0.122436 -0.086666 0.766017
-0.113802 -0.089859 0.762575
-0.0220272 -0.100024 0.745322
-0.12219 -0.0865617 0.76612
-0.113745 -0.0882515 0.763602
-0.0189061 -0.100011 0.746154
-0.122185 -0.0858763 0.766463
-0.112118 -0.0888659 0.763368
-0.0179779 -0.0995033 0.747021
-0.121588 -0.0851169 0.767772
-0.111737 -0.0881803 0.764355
-0.0203467 -0.0986299 0.745958
-0.121565 -0.0839629 0.767547
-0.112297 -0.0898352 0.762417
-0.0197466 -0.0996992 0.746135
-0.120727 -0.0859784 0.766963
-0.113494 -0.0889406 0.763586
-0.0191465 -0.0989406 0.746194
-0.119561 -0.0883028 0.765523
-0.114229 -0.088384 0.763179
-0.0185948 -0.0989983 0.746096
-0.118293 -0.0880737 0.765075
-0.114296 -0.0902004 0.763818
-0.0198569 -0.099307 0.746994
-0.118881 -0.087909 0.766302
-0.115383 -0.0884885 0.763119
-0.0186989 -0.099124 0.747106
-0.119773 -0.0876261 0.765817
-0.115554 -0.0881867 0.76326
-0.0177301 -0.0993196 0.746496
-0.119107 -0.0880339 0.766088
-0.113897 -0.0875583 0.763708
-0.0170688 -0.099572 0.745728
-0.119708 -0.0884801 0.765995
-0.113754 -0.0891301 0.763082
-0.0164692 -0.0991149 0.745828
-0.121059 -0.0893873 0.765725
-0.114684 -0.0881483 0.762483
-0.0156178 -0.0990311 0.746599
-0.121129 -0.0879063 0.764398
-0.11566 -0.0883579 0.762033
-0.0167159 -0.0987759 0.746407
-0.122124 -0.087911 0.765173
-0.11745 -0.0903285 0.761093
-0.0189886 -0.0999293 0.746149
-0.121122 -0.0881611 0.765314
-0.116832 -0.0897707 0.762186
-0.0186067 -0.0992184 0.74619
-0.119966 -0.0892436 0.765776
-0.116706 -0.0889247 0.762086
-0.0194846 -0.0992103 0.745789
-0.119294 -0.0891646 0.766086
-0.116232 -0.0883277 0.762119
-0.0190348 -0.100155 0.746327
-0.119923 -0.0888755 0.766024
-0.115646 -0.0877552 0.763512
-0.0181157 -0.0995302 0.746513
-0.118873 -0.0878002 0.766805
-0.116092 -0.0900236 0.762393
-0.0193359 -0.098943 0.74668
-0.118495 -0.0875957 0.766984
-0.115636 -0.0897547 0.760838
-0.0192428 -0.0990832 0.746942
-0.118856 -0.0887196 0.76584
-0.115339 -0.0895743 0.762406
-0.0181992 -0.0988283 0.746466
-0.119606 -0.0889783 0.765734
-0.115658 -0.088365 0.763118
-0.0193541 -0.0981363 0.748174
-0.120829 -0.0889333 0.764964
-0.114284 -0.0887069 0.762836
-0.0182488 -0.0981264 0.748092
-0.121018 -0.090055 0.764122
-0.11512 -0.0889475 0.762769
-0.0194459 -0.0997105 0.747189
-0.118205 -0.0900244 0.765747
-0.114511 -0.0908287 0.761383
-0.0191056 -0.0996145 0.747069
-0.119681 -0.0895045 0.766034
-0.114983 -0.0912225 0.761626
-0.0189458 -0.0997811 0.745232
-0.117925 -0.0893891 0.764748
-0.114382 -0.0907259 0.762394
-0.0193715 -0.0988791 0.747403
-0.118089 -0.0904791 0.765419
-0.115005 -0.08847 0.763561
-0.0182235 -0.0992332 0.746158
-0.119577 -0.0901918 0.765922
-0.116082 -0.0875464 0.763605
-0.0185931 -0.0992212 0.746161
-0.119073 -0.0882273 0.766102
-0.11857 -0.0862294 0.762524
-0.0202099 -0.0993812 0.746911
-0.120518 -0.0889643 0.765724
-0.117413 -0.0867796 0.762961
-0.0176928 -0.0995163 0.745699
-0.119062 -0.0875399 0.766498
-0.117384 -0.0869715 0.763084
-0.0172306 -0.0999067 0.745313
-0.119376 -0.0873469 0.766465
-0.115306 -0.087572 0.763682
-0.0170987 -0.0988927 0.745694
-0.117404 -0.0868314 0.767216
-0.114998 -0.0893366 0.763834
-0.0176862 -0.0989592 0.746652
-0.118121 -0.0887008 0.766725
-0.116724 -0.0882004 0.764103
-0.0193862 -0.0997067 0.745357
-0.117564 -0.0875875 0.767345
-0.117371 -0.0881655 0.762448
-0.0205859 -0.0995362 0.746066
-0.118461 -0.0884229 0.766671
-0.117598 -0.0870674 0.764286
-0.0217566 -0.0983124 0.747241
-0.119298 -0.0888639 0.765664
-0.117497 -0.08762 0.762718
-0.0215887 -0.0979193 0.747449
-0.120997 -0.0900106 0.764566
-0.116942 -0.0895785 0.763155
-0.0208962 -0.0982812 0.74828
-0.120615 -0.0884784 0.765831
-0.114881 -0.0911289 0.762625
-0.0207736 -0.099911 0.747398
-0.120239 -0.0881471 0.766127
-0.113741 -0.0910211 0.76146
-0.0192106 -0.098503 0.746725
-0.11852 -0.0892683 0.765555
-0.114073 -0.0902606 0.762161
-0.0194293 -0.0991103 0.746015
-0.119617 -0.0893006 0.765316
-0.114004 -0.0896794 0.76347
-0.0194458 -0.0986032 0.746612
-0.119038 -0.0887833 0.765739
-0.112423 -0.0901171 0.761984
-0.019021 -0.0992348 0.746708
-0.1183 -0.0879635 0.765934
-0.112383 -0.0910393 0.762236
-0.0207376 -0.0995827 0.746783
-0.119652 -0.0887831 0.765388
-0.113141 -0.0901792 0.761749
-0.0217971 -0.0987893 0.746159
-0.117897 -0.0895341 0.765037
-0.113133 -0.0902312 0.762957
-0.0208263 -0.0991869 0.746585
-0.116757 -0.0895146 0.765648
-0.112741 -0.0906178 0.762134
-0.0197354 -0.098805 0.747544
-0.1168 -0.0904924 0.765232
-0.113067 -0.0895591 0.76216
-0.0209392 -0.0988502 0.746743
-0.116838 -0.0901993 0.764332
-0.112253 -0.0913511 0.761106
-0.0222081 -0.0990243 0.747508
-0.117514 -0.0889938 0.765385
-0.113951 -0.0900386 0.762002
-0.0217539 -0.0995149 0.746145
-0.118793 -0.0888775 0.766245
-0.112503 -0.0898213 0.762011
-0.0233108 -0.0988463 0.746403
-0.119019 -0.0886545 0.765712
-0.113564 -0.090364 0.762488
-0.0216113 -0.0990204 0.747132
-0.117835 -0.0880053 0.766037
-0.115017 -0.0904124 0.762142
-0.0228221 -0.0990988 0.747313
-0.118437 -0.0872793 0.766961
-0.114264 -0.0915916 0.76182
-0.024738 -0.0991965 0.746577
-0.11872 -0.0865771 0.768103
-0.113357 -0.0917576 0.761303
-0.0217984 -0.0989811 0.746655
-0.119419 -0.0883966 0.765974
-0.113412 -0.0904468 0.762389
-0.0234607 -0.0984771 0.746841
-0.118931 -0.0898108 0.765457
-0.114489 -0.0882476 0.763388
-0.0239967 -0.0991261 0.745942
-0.119754 -0.089021 0.766032
-0.113191 -0.0888975 0.763036
-0.0250219 -0.0976937 0.746991
-0.118244 -0.0897645 0.765249
-0.113702 -0.0877202 0.762135
-0.0243108 -0.0983102 0.747257
-0.119946 -0.0885944 0.765092
-0.113615 -0.087403 0.762465
-0.0239699 -0.0983773 0.747233
-0.121056 -0.0899521 0.764461
-0.113054 -0.0871929 0.763314
-0.0253856 -0.0984347 0.747272
-0.119953 -0.0880798 0.764811
-0.114882 -0.0882083 0.763842
-0.0236817 -0.0988776 0.747391
-0.120933 -0.0881208 0.765506
-0.111737 -0.0890575 0.763566
-0.0235591 -0.0978833 0.747423
-0.120675 -0.0884078 0.765836
-0.112497 -0.0911807 0.761604
-0.0244194 -0.0984033 0.748509
-0.118996 -0.0884407 0.76665
-0.114184 -0.0906004 0.7619
-0.0259738 -0.0980194 0.747449
-0.120332 -0.087609 0.765463
-0.113678 -0.0897308 0.762464
-0.0244982 -0.0999081 0.745325
-0.120481 -0.0887525 0.76533
-0.112849 -0.0902016 0.762395
-0.0235517 -0.0985094 0.746987
-0.119562 -0.088496 0.765626
-0.114306 -0.0907991 0.761618
-0.0246638 -0.0979963 0.74725
-0.11787 -0.0890031 0.765104
-0.113729 -0.0891275 0.762211
-0.0229062 -0.0976751 0.746887
-0.117828 -0.0910053 0.764481
-0.112204 -0.0892349 0.762396
-0.0219626 -0.0977513 0.747137
-0.118741 -0.0898805 0.764881
-0.111613 -0.0889388 0.762847
-0.0227 -0.0990034 0.745985
-0.119351 -0.0891206 0.765162
-0.112314 -0.0894851 0.762645
-0.0205944 -0.0999997 0.745709
-0.118905 -0.0891996 0.765335
-0.112774 -0.0892924 0.763244
-0.0189633 -0.100104 0.74653
-0.118571 -0.0892669 0.7653
-0.112994 -0.0900123 0.763033
-0.0198986 -0.099297 0.745741
-0.118066 -0.0883459 0.765448
-0.11209 -0.090808 0.762498
-0.0181627 -0.0989287 0.746411
-0.115797 -0.0897734 0.765055
-0.111136 -0.089649 0.762832
-0.017348 -0.099516 0.74582
-0.116145 -0.0894662 0.764857
-0.111392 -0.0895211 0.762416
-0.0189992 -0.10018 0.745163
-0.117292 -0.0878358 0.765968
-0.112854 -0.088335 0.763409
-0.0174973 -0.100303 0.745118
-0.11642 -0.0887423 0.765414
-0.113935 -0.0898865 0.763219
-0.020611 -0.100752 0.746329
-0.11663 -0.088577 0.765892
-0.113366 -0.0906785 0.762016
-0.0200954 -0.100276 0.745637
-0.116748 -0.0890159 0.766419
-0.112679 -0.0910896 0.762324
-0.0203802 -0.0991878 0.746694
-0.117205 -0.0894079 0.765586
-0.110967 -0.0921295 0.761933
-0.0211247 -0.0997112 0.746661
-0.116452 -0.0897136 0.765052
-0.111543 -0.0910719 0.761829
-0.0205438 -0.0999155 0.745686
-0.115449 -0.0891099 0.765652
-0.110442 -0.0918667 0.761607
-0.0214683 -0.0997832 0.746182
-0.114824 -0.0887868 0.766281
-0.112111 -0.0909284 0.762127
-0.0232828 -0.0992456 0.746516
-0.114698 -0.0905057 0.765139
-0.112685 -0.0905988 0.762387
-0.023671 -0.0994795 0.7472
-0.114321 -0.0896638 0.765091
-0.111474 -0.0897572 0.762308
-0.0247387 -0.0988126 0.747653
-0.114425 -0.0904217 0.765071
-0.111304 -0.090811 0.762261
-0.0245777 -0.0978553 0.747643
-0.11366 -0.091318 0.765145
-0.112702 -0.0887931 0.763469
-0.0238264 -0.0989081 0.746912
-0.114052 -0.0907981 0.765034
-0.113175 -0.0890456 0.762921
-0.0224088 -0.0987613 0.747485
-0.116166 -0.090455 0.764024
-0.113184 -0.0905718 0.761393
-0.0230732 -0.0997393 0.746974
-0.116387 -0.0899858 0.76446
-0.112656 -0.0903763 0.761926
-0.0228755 -0.0997771 0.746102
-0.117439 -0.0890027 0.765875
-0.11307 -0.0905019 0.76155
-0.0241787 -0.10041 0.745886
-0.117991 -0.0881765 0.765319
-0.114817 -0.0894581 0.762797
-0.0249669 -0.100032 0.746071
-0.11815 -0.0869852 0.766164
-0.11484 -0.089672 0.762578
-0.0241618 -0.0977611 0.748696
-0.118342 -0.0880899 0.76603
-0.115218 -0.0892465 0.762311
-0.0227333 -0.0985536 0.74742
-0.117698 -0.0878787 0.76591
-0.115812 -0.0894042 0.763212
-0.0237202 -0.0998059 0.746369
-0.116878 -0.0890503 0.765732
-0.116132 -0.0868793 0.76334
-0.0223195 -0.0991162 0.747034
-0.116859 -0.088848 0.764934
-0.116946 -0.0872823 0.762968
-0.0228004 -0.0991639 0.746477
-0.116734 -0.0883308 0.765268
-0.118412 -0.0866765 0.761686
-0.0243505 -0.0988988 0.746175
-0.118004 -0.0893307 0.764629
-0.118095 -0.0870379 0.762749
-0.0249312 -0.0984074 0.746617
-0.116678 -0.0887801 0.765535
-0.119172 -0.0859419 0.763468
-0.0258386 -0.0973067 0.747798
-0.117769 -0.0871136 0.766411
-0.117861 -0.0860516 0.765139
-0.024747 -0.0980931 0.747362
-0.117459 -0.0862254 0.767101
-0.11612 -0.0876202 0.762633
-0.0249391 -0.0984532 0.746499
-0.11628 -0.0876753 0.766712
-0.116098 -0.0900586 0.75995
-0.0232926 -0.0984667 0.747385
-0.117711 -0.0895181 0.765302
-0.116417 -0.0885025 0.76137
-0.0245969 -0.0981003 0.747153
-0.11821 -0.0893557 0.76574
-0.116864 -0.0896955 0.761216
-0.0232854 -0.0992583 0.746093
-0.118233 -0.0885404 0.765947
-0.117568 -0.0889678 0.763065
-0.0211351 -0.0986914 0.748666
-0.117365 -0.0884005 0.765758
-0.115706 -0.086615 0.763651
-0.0228046 -0.0998348 0.747291
-0.119887 -0.0874289 0.765784
-0.115671 -0.086809 0.763533
-0.022054 -0.100078 0.746027
-0.119485 -0.0891682 0.765289
-0.113522 -0.0880993 0.762911
-0.0219091 -0.0994069 0.746363
-0.118276 -0.0897331 0.76524
-0.114053 -0.0873257 0.763782
-0.0223596 -0.0994305 0.746104
-0.117924 -0.0888501 0.765791
-0.112174 -0.0805997 0.767333
-0.0210773 -0.0978625 0.746153
-0.119143 -0.0879496 0.766422
-0.114085 -0.0906306 0.763387
-0.0215629 -0.0980762 0.746363
-0.120112 -0.0888565 0.76632
-0.114694 -0.0898015 0.762991
-0.0199373 -0.0981621 0.746624
-0.120179 -0.0886982 0.765889
-0.114069 -0.0905544 0.762158
-0.0211617 -0.0988428 0.746805
-0.119953 -0.0880357 0.766204
-0.113803 -0.0896222 0.762155
-0.0196695 -0.0997539 0.746351
-0.121406 -0.0876475 0.765708
-0.115015 -0.0883494 0.763435
-0.0225969 -0.098291 0.74793
-0.122381 -0.0880171 0.765918
-0.11583 -0.0899508 0.762791
-0.020893 -0.0979529 0.747513
-0.121478 -0.0867266 0.765735
-0.114817 -0.0913478 0.762123
-0.022998 -0.0984634 0.747644
-0.12245 -0.0871534 0.765887
-0.113489 -0.0906894 0.761588
-0.0230193 -0.0977264 0.747298
-0.120894 -0.0882878 0.765341
-0.114253 -0.089126 0.76337
-0.0228717 -0.0989506 0.747661
-0.120247 -0.0868812 0.766381
-0.11536 -0.088933 0.762771
-0.0245279 -0.0989568 0.747667
-0.11881 -0.0864783 0.767068
-0.11373 -0.0896045 0.76441
-0.025209 -0.0980584 0.747758
-0.118132 -0.0860772 0.767905
-0.113148 -0.0887445 0.764066
-0.023193 -0.0979931 0.747284
-0.11821 -0.0864453 0.768073
-0.111532 -0.0892993 0.763552
-0.0232619 -0.0983972 0.748137
-0.117869 -0.087574 0.766991
-0.111388 -0.0900675 0.763154
-0.0215105 -0.0985395 0.747883
-0.117735 -0.0887885 0.766145
-0.11288 -0.0899327 0.762391
-0.0211008 -0.0986575 0.747693
-0.117928 -0.0882732 0.766239
-0.111648 -0.0896485 0.762472
-0.0216938 -0.0989412 0.746187
-0.116383 -0.0883573 0.766217
-0.11227 -0.090095 0.762282
-0.0220637 -0.0999449 0.745863
-0.116714 -0.0883005 0.766436
-0.112135 -0.0899493 0.76273
-0.0224688 -0.0990681 0.746924
-0.116997 -0.0892502 0.765794
-0.112948 -0.0905425 0.762772
-0.0227372 -0.0991816 0.74778
-0.116142 -0.0886998 0.765946
-0.112462 -0.0897592 0.761511
-0.0234993 -0.0984207 0.747613
-0.114497 -0.088497 0.766704
-0.113983 -0.0882522 0.763319
-0.0222749 -0.0983793 0.747849
-0.115324 -0.0902343 0.765294
-0.111319 -0.0895603 0.762173
-0.021736 -0.0999172 0.746135
-0.115558 -0.0886156 0.76645
-0.111655 -0.0902645 0.762023
-0.0226711 -0.0990091 0.746667
-0.116286 -0.0881523 0.766513
-0.111949 -0.0911814 0.762038
-0.0216439 -0.0986001 0.747195
-0.117494 -0.0888789 0.765613
-0.113486 -0.0880668 0.763016
-0.0200394 -0.0993805 0.747281
-0.11934 -0.0884028 0.765666
-0.114059 -0.0885529 0.763863
-0.0215473 -0.0986603 0.746287
-0.119035 -0.0885346 0.765666
-0.113815 -0.0901051 0.762404
-0.0216324 -0.0974415 0.748007
-0.12066 -0.08845 0.765517
-0.114325 -0.0897909 0.762612
-0.0221671 -0.0984335 0.747363
-0.118569 -0.0877855 0.766746
-0.114672 -0.088841 0.763582
-0.0204667 -0.0980243 0.747522
-0.118863 -0.0887684 0.765483
-0.113223 -0.0890817 0.763614
-0.0212019 -0.098526 0.74726
-0.119093 -0.0882369 0.765317
-0.11395 -0.0877852 0.764225
-0.0227663 -0.0980596 0.747895
-0.119426 -0.0882552 0.765042
-0.113576 -0.0909089 0.76242
-0.0240279 -0.0985617 0.747116
-0.119658 -0.0881248 0.765868
-0.11366 -0.0895237 0.7627
-0.0227155 -0.0986491 0.747015
-0.11714 -0.0879038 0.766733
-0.114396 -0.0887633 0.762582
-0.0224552 -0.0977984 0.747767
-0.117604 -0.0875227 0.766675
-0.116165 -0.0881469 0.763854
-0.0234028 -0.0987986 0.746928
-0.119341 -0.0861479 0.766645
-0.114699 -0.0888917 0.763772
-0.0235557 -0.0986954 0.747195
-0.119346 -0.0876306 0.765865
-0.115049 -0.0885475 0.763115
-0.0250427 -0.0984036 0.748732
-0.120175 -0.0864661 0.766117
-0.114389 -0.0875833 0.763722
-0.0253102 -0.0983442 0.747911
-0.120575 -0.0871761 0.766557
-0.114866 -0.0901824 0.762508
-0.0231345 -0.0980787 0.747771
-0.121878 -0.085986 0.76588
-0.114423 -0.0909065 0.761518
-0.0220712 -0.0983619 0.747294
-0.122813 -0.0864538 0.765594
-0.11302 -0.0877813 0.762959
-0.020417 -0.0996842 0.745544
-0.122747 -0.0862292 0.765257
-0.116057 -0.0893553 0.762019
-0.0211199 -0.0991168 0.747439
-0.121831 -0.0859272 0.765877
-0.115236 -0.0887598 0.763742
-0.0198336 -0.0981637 0.747844
-0.12049 -0.0859245 0.766814
-0.11611 -0.0905478 0.762216
-0.0204694 -0.0973446 0.747171
-0.121062 -0.0871525 0.765862
-0.116467 -0.088401 0.762255
-0.019682 -0.0986418 0.746738
-0.120098 -0.087633 0.766311
-0.115286 -0.087178 0.763898
-0.0222593 -0.0988044 0.746867
-0.12064 -0.0870222 0.766177
-0.114533 -0.0896259 0.763659
-0.0233991 -0.0978283 0.747956
-0.120415 -0.0879589 0.766209
-0.115506 -0.0899134 0.762915
-0.023262 -0.0983734 0.747241
-0.11996 -0.0870508 0.766187
-0.114648 -0.0890581 0.762229
-0.0218946 -0.0999006 0.746967
-0.120156 -0.0877799 0.765561
-0.114929 -0.0899787 0.76268
-0.0203088 -0.0999213 0.746117
-0.120053 -0.088178 0.765371
-0.113147 -0.0900422 0.761106
-0.0208312 -0.0998045 0.746765
-0.121717 -0.0871358 0.765138
-0.114115 -0.090059 0.761784
-0.0187444 -0.103815 0.740076
-0.121406 -0.0859645 0.765408
-0.114781 -0.0910507 0.76068
-0.0162699 -0.100203 0.745083
-0.119962 -0.0855815 0.767465
-0.113727 -0.0904617 0.762418
-0.0145248 -0.100192 0.744435
-0.119346 -0.0852585 0.768186
-0.114626 -0.0880107 0.762919
-0.0143021 -0.0998659 0.745282
-0.118315 -0.0868775 0.767046
-0.115377 -0.0872338 0.763904
-0.0154254 -0.0983762 0.74596
-0.116909 -0.0863703 0.767066
-0.114091 -0.0873896 0.764273
-0.0185046 -0.0978952 0.746751
-0.115259 -0.0871499 0.767421
-0.113326 -0.0885467 0.762909
-0.0182826 -0.0975721 0.747491
-0.115821 -0.0882956 0.76609
-0.114785 -0.0890939 0.762658
-0.0164105 -0.0981129 0.746659
-0.116525 -0.0896233 0.764901
-0.114641 -0.090272 0.761348
-0.018668 -0.0992811 0.746644
-0.118076 -0.0881251 0.765846
-0.112999 -0.0913552 0.761183
-0.0176331 -0.100599 0.745102
-0.118032 -0.0883085 0.765422
-0.113693 -0.090395 0.760779
-0.0172297 -0.0997604 0.746313
-0.118227 -0.0877912 0.766386
-0.112931 -0.0902397 0.761932
-0.0150941 -0.0996153 0.74606
-0.116991 -0.0880056 0.766092
-0.113118 -0.0904686 0.762066
-0.0152036 -0.0976783 0.748196
-0.117379 -0.0877202 0.766456
-0.113358 -0.0895637 0.762892
-0.0164386 -0.0987745 0.74666
-0.116371 -0.088069 0.766722
-0.110975 -0.0893222 0.763099
-0.0182736 -0.099558 0.745486
-0.116841 -0.0885159 0.765269
-0.112232 -0.0905731 0.76236
-0.0178424 -0.099746 0.74704
-0.117882 -0.0890108 0.765655
-0.111326 -0.0890631 0.76185
-0.0170865 -0.0989661 0.74703
-0.115155 -0.0896226 0.765025
-0.111227 -0.0894423 0.762384
-0.0206346 -0.0989192 0.748126
-0.117114 -0.0893278 0.765323
-0.112337 -0.0898104 0.762878
-0.0228251 -0.0988769 0.747828
-0.119155 -0.0874042 0.766549
-0.112217 -0.0902875 0.762458
-0.0214843 -0.0986643 0.747132
-0.119885 -0.0865591 0.767626
-0.112914 -0.0895194 0.76309
-0.0226138 -0.0986041 0.746766
-0.118242 -0.0879619 0.766356
-0.11403 -0.0892841 0.762744
-0.0206552 -0.0986477 0.746257
-0.118449 -0.0880667 0.766048
-0.114948 -0.0911531 0.761881
-0.0232718 -0.0989492 0.747119
-0.117255 -0.0870831 0.766848
-0.114792 -0.091319 0.761084
-0.023085 -0.0985833 0.746567
-0.119738 -0.0872042 0.766756
-0.111574 -0.0895999 0.76257
-0.023453 -0.0982991 0.747698
-0.118455 -0.0875584 0.765988
-0.112011 -0.0903686 0.762518
-0.0237185 -0.0975248 0.747837
-0.118501 -0.0871995 0.766002
-0.112142 -0.090269 0.761654
-0.0217897 -0.0977948 0.746424
-0.118488 -0.0867116 0.766484
-0.112234 -0.0896954 0.76307
-0.0219957 -0.097611 0.747348
-0.120572 -0.087046 0.765933
-0.112724 -0.0894696 0.761976
-0.0224646 -0.0980195 0.74745
-0.119708 -0.0874625 0.765631
-0.11171 -0.0894007 0.763689
-0.0236948 -0.0978972 0.747434
-0.118905 -0.0872874 0.765815
-0.1119 -0.0892785 0.762924
-0.0252153 -0.0981034 0.747038
-0.119823 -0.0868066 0.766123
-0.112035 -0.0870504 0.76355
-0.0247589 -0.0985289 0.74716
-0.118668 -0.0874221 0.765793
-0.113544 -0.0881548 0.764126
-0.0228903 -0.0988622 0.74678
-0.117882 -0.088658 0.764619
-0.115287 -0.0888519 0.762072
-0.0228828 -0.0974738 0.747074
-0.116564 -0.0869692 0.765765
-0.118071 -0.0894903 0.761881
-0.0220999 -0.0977989 0.748122
-0.1175 -0.08677 0.766667
-0.119846 -0.0874962 0.762386
-0.0225984 -0.0981336 0.747337
-0.119175 -0.0864284 0.766964
-0.11808 -0.0883429 0.762623
-0.0217825 -0.098977 0.74659
-0.117665 -0.0875019 0.766169
-0.116693 -0.0881581 0.763133
-0.0211786 -0.100811 0.745947
-0.11726 -0.0878047 0.766413
-0.116128 -0.0888792 0.761935
-0.0221763 -0.100335 0.746867
-0.116512 -0.0877531 0.766699
-0.11629 -0.0878291 0.762746
-0.0226117 -0.0988903 0.746465
-0.116093 -0.0869454 0.766996
-0.115584 -0.087874 0.762345
-0.0233471 -0.0988128 0.747865
-0.116289 -0.0864537 0.767204
-0.11533 -0.0874722 0.763799
-0.0218102 -0.0995277 0.747538
-0.116402 -0.088066 0.765884
-0.1131 -0.0877431 0.762874
-0.0217105 -0.100839 0.744848
-0.116566 -0.0885873 0.765542
-0.11382 -0.089207 0.762286
-0.0192183 -0.100565 0.746735
-0.11567 -0.0893142 0.765518
-0.114868 -0.0904872 0.761972
-0.0200219 -0.0987151 0.74723
-0.11773 -0.0895231 0.765079
-0.115532 -0.0903469 0.761471
-0.0205193 -0.0983815 0.745533
-0.118109 -0.0891461 0.765444
-0.115681 -0.089094 0.761742
-0.0223934 -0.098946 0.745892
-0.117909 -0.0885832 0.76594
-0.116678 -0.0877652 0.763743
-0.0213957 -0.0986044 0.745548
-0.11886 -0.0876985 0.765467
-0.116692 -0.0892211 0.762029
-0.0240475 -0.100724 0.74807
-0.118951 -0.0880604 0.76499
-0.117759 -0.0887713 0.762847
-0.0232235 -0.0991544 0.747921
-0.119573 -0.0870532 0.766297
-0.117449 -0.0893414 0.761204
-0.0217221 -0.0987959 0.746067
-0.119212 -0.0873981 0.765684
-0.114851 -0.090922 0.761917
-0.0205706 -0.0979269 0.748021
-0.11829 -0.0880171 0.76568
-0.115182 -0.0899093 0.761702
-0.0220424 -0.0954433 0.750785
-0.118911 -0.0865359 0.766404
-0.113769 -0.0906228 0.761108
-0.0234891 -0.0984723 0.748503
-0.118748 -0.0873776 0.765474
-0.114196 -0.0907936 0.760399
-0.0213674 -0.0984368 0.747571
-0.118591 -0.0876493 0.766515
-0.114466 -0.0890561 0.76115
-0.0208409 -0.0991372 0.74604
-0.118341 -0.0873835 0.766492
-0.11531 -0.0903584 0.761253
-0.0241668 -0.0976478 0.747447
-0.118526 -0.089508 0.765591
-0.114476 -0.089895 0.761706
-0.025959 -0.0965017 0.749064
-0.118682 -0.0887303 0.764659
-0.116292 -0.0879471 0.762807
-0.0272127 -0.096999 0.748305
-0.118302 -0.0887064 0.765811
-0.114831 -0.0876611 0.762571
-0.0265368 -0.0979143 0.747011
-0.118944 -0.0879576 0.765777
-0.116066 -0.0867149 0.763457
-0.0240113 -0.098927 0.746063
-0.11848 -0.0880642 0.765638
-0.114761 -0.0861459 0.763677
-0.0218456 -0.0984025 0.747352
-0.118258 -0.0881815 0.765137
-0.117362 -0.0871893 0.763093
-0.0204922 -0.0983734 0.747548
-0.118402 -0.0874921 0.765368
-0.117429 -0.0888596 0.763234
-0.017946 -0.0995395 0.746397
-0.1183 -0.0881253 0.765106
-0.115724 -0.0893181 0.762296
-0.0181724 -0.0988295 0.746997
-0.117819 -0.0884735 0.764899
-0.115743 -0.088342 0.762486
-0.0194017 -0.0988079 0.74756
-0.117258 -0.0893151 0.76525
-0.114605 -0.0876287 0.762445
-0.0209996 -0.0983305 0.746254
-0.11576 -0.0889821 0.766011
-0.1145 -0.0882311 0.762788
-0.0216644 -0.0988682 0.747358
-0.115832 -0.0887377 0.765709
-0.114776 -0.0879932 0.763172
-0.0214322 -0.099041 0.747379
-0.116147 -0.0877852 0.766407
-0.115295 -0.0872192 0.762859
-0.0240781 -0.0972229 0.750287
-0.11588 -0.0885675 0.766226
-0.115193 -0.0876209 0.763054
-0.0242705 -0.0952236 0.750978
-0.116059 -0.0882481 0.766219
-0.117018 -0.0870887 0.762986
-0.0234737 -0.0969858 0.749919
-0.116419 -0.0882771 0.765498
-0.115127 -0.0881013 0.762655
-0.0238065 -0.0982836 0.748859
-0.115792 -0.0882587 0.765804
-0.113299 -0.0887885 0.762364
-0.0242032 -0.0981909 0.75003
-0.116057 -0.087488 0.766603
-0.11279 -0.0886041 0.76323
-0.0246697 -0.0971083 0.748248
-0.116271 -0.0881454 0.766271
-0.112266 -0.0897137 0.7627
-0.0250203 -0.097643 0.748073
-0.114258 -0.0862516 0.768141
-0.111741 -0.0894644 0.762593
-0.022936 -0.098672 0.747208
-0.115538 -0.0859937 0.7673
-0.111979 -0.0877136 0.763149
-0.0247596 -0.0987205 0.746448
-0.115183 -0.0875487 0.766483
-0.113944 -0.0891891 0.762084
-0.0238674 -0.0992109 0.747548
-0.114728 -0.0872969 0.766286
-0.11534 -0.0890721 0.762806
-0.0252161 -0.0986274 0.747723
-0.114708 -0.0881797 0.766552
-0.1142 -0.0877542 0.763679
-0.0232598 -0.0990038 0.748078
-0.115968 -0.088658 0.76633
-0.112355 -0.0871887 0.763384
-0.0230587 -0.0989893 0.747603
-0.116698 -0.0876732 0.766357
-0.109298 -0.0901717 0.761873
-0.0234709 -0.0988175 0.748398
-0.114606 -0.0881132 0.765979
-0.109204 -0.0895841 0.762294
-0.0235346 -0.099106 0.745907
-0.114473 -0.0880192 0.766208
-0.108288 -0.0897778 0.762444
-0.0234309 -0.0985785 0.747995
-0.114957 -0.0875823 0.766483
-0.11032 -0.0872975 0.76039
-0.0194831 -0.0940731 0.746399
-0.116727 -0.0850523 0.764604
-0.11393 -0.0826287 0.758363
-0.0116306 -0.0886527 0.741005
-0.118666 -0.0809903 0.761428
-0.113752 -0.0805013 0.758029
-0.0105504 -0.0868641 0.738836
-0.118647 -0.0801171 0.761527
-0.114425 -0.0787505 0.757304
-0.0106143 -0.0802783 0.740452
-0.119261 -0.0794303 0.760412
-0.119478 -0.0775126 0.757259
-0.00581561 -0.0780225 0.737845
-0.121197 -0.0768769 0.759548
-0.12022 -0.0779479 0.755375
-0.00203855 -0.0783129 0.739046
-0.120835 -0.0757874 0.759909
-0.125122 -0.0777971 0.754919
-0.00260602 -0.0775537 0.738709
-0.124589 -0.0755606 0.758549
-0.124411 -0.0766784 0.754279
-0.00224969 -0.0771611 0.738189
-0.125704 -0.0749965 0.758634
-0.127212 -0.0751548 0.75561
-0.00337739 -0.0795123 0.737253
-0.126304 -0.074082 0.758964
-0.12951 -0.0740331 0.754763
-0.00574989 -0.0793244 0.736961
-0.129242 -0.0739282 0.75871
-0.131205 -0.0738056 0.754941
-0.00645791 -0.079733 0.735191
-0.129185 -0.0720235 0.760557
-0.131116 -0.0733153 0.756215
-0.00543449 -0.0779539 0.736748
-0.131046 -0.0695254 0.761851
-0.13154 -0.0750945 0.755741
-0.00667004 -0.0778449 0.737189
-0.131979 -0.0696025 0.761567
-0.128924 -0.0744249 0.755097
-0.00576227 -0.0793306 0.736887
-0.132713 -0.0708273 0.760499
-0.128728 -0.0738906 0.755438
-0.00503935 -0.0780327 0.736493
-0.134586 -0.0693163 0.761178
-0.130028 -0.0777135 0.75425
-0.00817597 -0.077675 0.73759
-0.134536 -0.0685917 0.760938
-0.127981 -0.0757992 0.754171
-0.00517166 -0.0787056 0.73625
-0.135101 -0.0682566 0.761862
-0.128981 -0.0748797 0.755395
-4.14583e-05 -0.0820989 0.733302
-0.133639 -0.0716522 0.760293
-0.131448 -0.0731004 0.756855
-0.00285911 -0.0779934 0.738885
-0.136789 -0.0719 0.759039
-0.132727 -0.0758163 0.755322
-0.00894945 -0.0810523 0.734423
-0.137924 -0.0708962 0.760578
-0.130808 -0.0764254 0.756431
-0.00682384 -0.0799426 0.734708
-0.139234 -0.0714139 0.75947
-0.131949 -0.0761601 0.754802
-0.00835747 -0.0783005 0.735902
-0.139789 -0.07211 0.75898
-0.133006 -0.077088 0.754613
-0.0103765 -0.0795577 0.736165
-0.140199 -0.0711294 0.758692
-0.134217 -0.0769576 0.752772
-0.00688477 -0.0816036 0.733462
-0.139673 -0.0713325 0.758305
-0.135082 -0.0771384 0.753875
-0.00699342 -0.0799409 0.735708
-0.137271 -0.0707448 0.759617
-0.134893 -0.0760108 0.754532
-0.0101118 -0.0790129 0.733676
-0.137999 -0.0703041 0.759581
-0.132698 -0.0733275 0.757153
-0.0099865 -0.078614 0.736421
-0.138444 -0.0699383 0.759535
-0.133223 -0.0744468 0.754231
-0.00923382 -0.0791736 0.736629
-0.135809 -0.0719483 0.759149
-0.135836 -0.0732731 0.755152
-0.00994521 -0.0778525 0.737317
-0.136642 -0.0711284 0.761309
-0.134478 -0.0718317 0.757703
-0.00891995 -0.0772644 0.738687
-0.13514 -0.0710604 0.759575
-0.134094 -0.0721736 0.756759
-0.00789367 -0.0795678 0.735228
-0.135605 -0.0719651 0.760643
-0.134965 -0.0723532 0.757167
-0.00972636 -0.0798647 0.735047
-0.136902 -0.0709873 0.760434
-0.134968 -0.0726777 0.755414
-0.00971514 -0.0781041 0.736153
-0.140156 -0.0683737 0.760016
-0.13555 -0.0710078 0.755796
-0.00902486 -0.0782154 0.737188
-0.137816 -0.0667472 0.762832
-0.135626 -0.0696019 0.757707
-0.0103329 -0.0785846 0.736769
-0.139502 -0.0682899 0.759591
-0.13489 -0.073272 0.755774
-0.0089039 -0.0784767 0.738104
-0.138341 -0.0695069 0.760509
-0.127205 -0.0690387 0.763589
-0.0108463 -0.0777518 0.737298
-0.139058 -0.0678242 0.759761
-0.132995 -0.0684071 0.762035
-0.00785661 -0.0743347 0.738088
-0.137453 -0.0665717 0.761271
-0.130839 -0.0768841 0.756812
-0.0102764 -0.0755197 0.74019
-0.137007 -0.0684185 0.761574
-0.135083 -0.0771234 0.754962
-0.00836132 -0.0787116 0.736928
-0.138886 -0.0688937 0.760906
-0.132331 -0.0756566 0.754228
-0.0108185 -0.077946 0.737407
-0.137435 -0.06831 0.761387
-0.134331 -0.0770911 0.75428
-0.0109295 -0.0788303 0.735049
-0.136819 -0.0695747 0.761552
-0.132373 -0.0835035 0.747997
-0.0116096 -0.0785505 0.735777
-0.138004 -0.0704988 0.760086
-0.1295 -0.0786034 0.749949
-0.0107135 -0.0767502 0.738022
-0.136653 -0.0711637 0.759092
-0.132034 -0.0771376 0.755235
-0.00984725 -0.078718 0.736543
-0.135381 -0.069365 0.761376
-0.13413 -0.0746688 0.753815
-0.0117128 -0.0781456 0.736632
-0.13849 -0.0699286 0.760316
-0.135831 -0.0745623 0.753937
-0.00975633 -0.0781829 0.736814
-0.140119 -0.0700208 0.758782
-0.1341 -0.0728783 0.755446
-0.00984667 -0.0790473 0.735602
-0.140034 -0.0722634 0.758056
-0.134977 -0.0739336 0.754695
-0.00933687 -0.078005 0.734712
-0.139297 -0.0708372 0.758528
-0.135503 -0.0730311 0.756507
-0.00877552 -0.0795981 0.732493
-0.14074 -0.0720233 0.759022
-0.137579 -0.0714185 0.755434
-0.00909935 -0.078036 0.737215
-0.142598 -0.0704864 0.757617
-0.136847 -0.0701685 0.756826
-0.00929458 -0.0768705 0.739306
-0.141904 -0.0714822 0.758163
-0.138622 -0.0707855 0.756118
-0.00672165 -0.0774944 0.73879
-0.139862 -0.0724809 0.757926
-0.13951 -0.0716149 0.754094
-0.00623299 -0.0773299 0.737874
-0.139989 -0.0712307 0.758381
-0.139192 -0.0721784 0.75487
-0.00706483 -0.0787687 0.737682
-0.140758 -0.0714356 0.758235
-0.137352 -0.0744326 0.753074
-0.00566997 -0.0782663 0.73805
-0.139689 -0.0720868 0.758131
-0.138588 -0.0740931 0.754376
-0.00563337 -0.0801925 0.736227
-0.139804 -0.0713123 0.758729
-0.136183 -0.0729845 0.755322
-0.00732456 -0.0779799 0.739019
-0.140134 -0.0700318 0.759024
-0.135506 -0.0730877 0.754546
-0.00321833 -0.0778905 0.737671
-0.142448 -0.0693904 0.758905
-0.133895 -0.0751988 0.754278
-0.00754418 -0.0785933 0.736951
-0.142288 -0.0673139 0.759591
-0.134407 -0.0731858 0.753319
-0.00623986 -0.0791464 0.738412
-0.143991 -0.0674102 0.758224
-0.136905 -0.0702222 0.753295
-0.000973869 -0.0796103 0.735647
-0.145588 -0.0669038 0.755608
-0.139805 -0.0686485 0.753436
-0.00522721 -0.0794828 0.735556
-0.151251 -0.0633804 0.754619
-0.139027 -0.0665259 0.753736
-0.00497166 -0.0804903 0.737677
-0.151005 -0.062982 0.755902
-0.141058 -0.0693833 0.751943
-0.00463716 -0.0791173 0.736024
-0.152155 -0.061412 0.756373
-0.144487 -0.0714038 0.745651
-0.00267223 -0.0784938 0.737358
-0.153343 -0.0602144 0.755394
-0.137277 -0.0730389 0.750404
0.000671357 -0.0795994 0.737264
-0.153716 -0.0601694 0.755974
-0.141034 -0.0701945 0.749187
0.000299123 -0.0777424 0.736346
-0.151355 -0.0599183 0.756215
-0.145007 -0.0583422 0.756892
-0.00308506 -0.0780824 0.738924
-0.14873 -0.0602039 0.756775
-0.147539 -0.0614178 0.752413
-0.00222445 -0.0778164 0.738272
-0.150579 -0.0606728 0.755752
-0.142441 -0.0710601 0.748888
-0.0048305 -0.0768576 0.737302
-0.151557 -0.0617367 0.756366
-0.141502 -0.0691937 0.750463
-0.00411137 -0.0764257 0.737677
-0.151415 -0.0606442 0.755708
-0.140063 -0.0654505 0.752487
-0.00465693 -0.0775816 0.737392
-0.152932 -0.0594682 0.755469
-0.141575 -0.065066 0.753873
-0.0043309 -0.0779518 0.737606
-0.152576 -0.0592762 0.756249
-0.142321 -0.0667889 0.753005
-0.00300128 -0.0790473 0.73524
-0.15132 -0.0577192 0.757788
-0.143213 -0.0641829 0.753802
-0.00144141 -0.079534 0.735962
-0.151995 -0.0584138 0.757812
-0.144245 -0.0650073 0.753908
-0.00197398 -0.0781424 0.735805
-0.153031 -0.0590319 0.755817
-0.14596 -0.0647266 0.7527
0.00017786 -0.0768797 0.739498
-0.152932 -0.0596363 0.756446
-0.14525 -0.0659176 0.752153
-0.00236553 -0.0779136 0.736159
-0.152985 -0.0594505 0.756087
-0.14369 -0.0684638 0.75161
-0.000537873 -0.0800468 0.733596
-0.152025 -0.0598565 0.755794
-0.142585 -0.0669481 0.751904
-0.000246114 -0.0801379 0.735528
-0.15224 -0.0585374 0.756519
-0.142746 -0.0656986 0.752071
-0.00199682 -0.0816075 0.733876
-0.150721 -0.0588093 0.757564
-0.143989 -0.0665363 0.752758
-0.00177961 -0.080152 0.733559
-0.148472 -0.0605918 0.756772
-0.145394 -0.0663483 0.75253
8.76404e-05 -0.0799039 0.734111
-0.149336 -0.0606434 0.757014
-0.143377 -0.063699 0.754571
0.000380572 -0.0801562 0.734752
-0.147158 -0.0623205 0.75636
-0.144432 -0.0619191 0.753861
-0.00382798 -0.0784965 0.735799
-0.148516 -0.0632787 0.756224
-0.14493 -0.0634328 0.753436
-0.00118991 -0.0776222 0.738187
-0.150645 -0.0627545 0.7557
-0.1448 -0.0640775 0.753216
0.00242266 -0.078733 0.735674
-0.15146 -0.0614075 0.755683
-0.14565 -0.0625463 0.753115
0.00280033 -0.0795986 0.734907
-0.154546 -0.0638166 0.753945
-0.147132 -0.0625455 0.753351
0.00361953 -0.079794 0.734601
-0.155516 -0.0621849 0.753284
-0.149852 -0.0646404 0.753551
0.000798721 -0.0797064 0.734089
-0.156505 -0.0601323 0.753966
-0.152028 -0.0634196 0.753695
0.00451169 -0.0716184 0.736948
-0.156433 -0.0605204 0.75403
-0.152247 -0.0620845 0.751648
0.00328593 -0.0777398 0.737607
-0.156626 -0.0615108 0.75383
-0.153418 -0.0634238 0.75058
0.000773529 -0.0780743 0.738108
-0.156517 -0.0607312 0.754105
-0.152054 -0.0641757 0.750845
0.000472914 -0.0808441 0.735032
-0.155505 -0.0614394 0.753914
-0.152374 -0.0641812 0.75098
-0.00205965 -0.081095 0.732415
-0.156143 -0.0602974 0.753388
-0.151295 -0.0636939 0.751329
-0.00397204 -0.0818573 0.732645
-0.154642 -0.0603225 0.754567
-0.153073 -0.0655469 0.750638
-0.00293474 -0.0781429 0.735345
-0.153857 -0.0620814 0.754248
-0.151952 -0.064017 0.752421
-0.00360405 -0.0788929 0.735502
-0.154472 -0.0599198 0.755893
-0.150981 -0.0632039 0.751363
-0.000916337 -0.0810259 0.736137
-0.152704 -0.0587994 0.756316
-0.153991 -0.0649031 0.751544
0.00752372 -0.0731057 0.739835
-0.154127 -0.0581962 0.756689
-0.152727 -0.0660715 0.749941
-0.000872077 -0.0783709 0.735351
-0.154258 -0.0596656 0.755987
-0.15049 -0.0650948 0.751548
-0.00295435 -0.0804365 0.733652
-0.153879 -0.0615292 0.753607
-0.151011 -0.0639015 0.750964
-0.00425363 -0.0821642 0.733743
-0.155444 -0.0593496 0.754873
-0.150956 -0.0666617 0.751777
-0.00120325 -0.0797915 0.734747
-0.154722 -0.0582408 0.756187
-0.148581 -0.068702 0.750926
-0.00228453 -0.0796495 0.734177
-0.153543 -0.0599602 0.756126
-0.146467 -0.0653343 0.752321
-0.003253 -0.0816968 0.732686
-0.150732 -0.0594989 0.756369
-0.147322 -0.065199 0.752099
-0.00117348 -0.0801177 0.732733
-0.151586 -0.0591547 0.756825
-0.14658 -0.0651931 0.75307
-0.00268995 -0.0799799 0.734701
-0.152569 -0.0580794 0.757578
-0.145578 -0.0632871 0.754373
-0.000535187 -0.0798557 0.733672
-0.15439 -0.0582531 0.75643
-0.145849 -0.0654307 0.751026
-0.00146078 -0.0788659 0.733891
-0.153466 -0.0573982 0.756986
-0.142873 -0.0636871 0.752475
-0.00240742 -0.0796384 0.734835
-0.153397 -0.0593137 0.756081
-0.147733 -0.0642367 0.752352
-0.00674749 -0.0810547 0.733969
-0.152857 -0.0594514 0.757457
-0.148807 -0.0651859 0.751501
-0.00723256 -0.0799249 0.736903
-0.154468 -0.0563459 0.757132
-0.148065 -0.0632465 0.752122
-0.00726978 -0.0745308 0.739913
-0.155194 -0.0575096 0.75643
-0.14839 -0.0640207 0.750247
-0.00833692 -0.0763268 0.741535
-0.155985 -0.0579074 0.754724
-0.150481 -0.0646668 0.749782
-0.00795811 -0.0781926 0.736915
-0.155113 -0.0603837 0.755022
-0.147787 -0.0654659 0.750858
-0.00831209 -0.0795178 0.733751
-0.155228 -0.0604322 0.755524
-0.148168 -0.0646956 0.751724
-0.00413433 -0.081387 0.732099
-0.153536 -0.0589583 0.757224
-0.148352 -0.0640806 0.752473
-0.003814 -0.0793498 0.732415
-0.152729 -0.0594493 0.756749
-0.148859 -0.0651027 0.752091
-0.00477103 -0.0774959 0.737246
-0.151554 -0.0596277 0.75791
-0.146919 -0.0670015 0.752713
-0.00529755 -0.0780477 0.738229
-0.152138 -0.0598126 0.756761
-0.146102 -0.0634072 0.751644
-0.00461365 -0.0779275 0.737068
-0.15167 -0.0608653 0.756369
-0.147574 -0.0639351 0.752991
-0.00372546 -0.0771909 0.737165
-0.150282 -0.060449 0.757019
-0.150007 -0.0643274 0.751445
-0.00193632 -0.0776375 0.736781
-0.151242 -0.0600559 0.757198
-0.15234 -0.0656358 0.750965
-0.00418017 -0.0793708 0.737403
-0.152491 -0.0590459 0.756293
-0.151124 -0.0662606 0.751494
-0.0040676 -0.0800789 0.735493
-0.151495 -0.0586843 0.757207
-0.149622 -0.0649096 0.753796
-0.00263221 -0.0778107 0.736371
-0.151157 -0.0600666 0.756149
-0.148619 -0.0687328 0.750459
-0.00321216 -0.0790402 0.735713
-0.150545 -0.0613037 0.755849
-0.14981 -0.0665666 0.750404
-0.00356521 -0.07952 0.736629
-0.150753 -0.0611349 0.756852
-0.151967 -0.0643494 0.750175
-0.00779611 -0.0807915 0.734135
-0.151286 -0.0600126 0.756827
-0.151906 -0.0643031 0.752565
-0.008195 -0.0794385 0.734399
-0.149726 -0.0580669 0.75797
-0.151636 -0.0647626 0.750614
-0.00684768 -0.0792276 0.735579
-0.148436 -0.0580393 0.757927
-0.150471 -0.0666159 0.750908
-0.00630995 -0.080236 0.734073
-0.149784 -0.0590629 0.757207
-0.154364 -0.0657528 0.748953
-0.00660392 -0.0805179 0.734717
-0.151833 -0.0591264 0.757132
-0.155618 -0.0613405 0.752226
-0.00591094 -0.0801555 0.735475
-0.149719 -0.0592329 0.75731
-0.149814 -0.0625614 0.752464
-0.00581645 -0.0793896 0.735698
-0.148865 -0.0594594 0.757452
-0.149646 -0.0636006 0.751719
-0.00261447 -0.081526 0.734351
-0.149013 -0.0585052 0.757705
-0.148409 -0.0648199 0.750434
-0.00736114 -0.079308 0.734911
-0.14891 -0.0587142 0.758417
-0.148496 -0.0635816 0.752502
-0.00756075 -0.0796632 0.741144
-0.147031 -0.0599861 0.759198
-0.149643 -0.0642496 0.75275
-0.00621892 -0.0772806 0.736968
-0.147792 -0.0594444 0.758609
-0.148711 -0.0620396 0.753195
-0.0078823 -0.0772592 0.736382
-0.149111 -0.0608977 0.757811
-0.148609 -0.0643614 0.751025
-0.00880175 -0.0743288 0.73963
-0.147577 -0.060107 0.757047
-0.15026 -0.0639342 0.752606
-0.00951565 -0.0770932 0.738513
-0.148847 -0.0605381 0.757453
-0.151641 -0.0664216 0.75142
-0.0110105 -0.0785392 0.737323
-0.150002 -0.0624387 0.75622
-0.151846 -0.0657177 0.750525
-0.00860014 -0.0762997 0.737683
-0.148666 -0.0633962 0.755933
-0.147848 -0.0649868 0.750773
-0.00694458 -0.0776826 0.736516
-0.143603 -0.0627185 0.757512
-0.14404 -0.0673385 0.751881
-0.00864096 -0.0766583 0.737461
-0.142945 -0.0624064 0.758075
-0.143207 -0.0656768 0.752802
-0.00941136 -0.0804263 0.733835
-0.143441 -0.0633662 0.758459
-0.142538 -0.0640163 0.753345
-0.00859612 -0.0705994 0.740639
-0.145408 -0.0648742 0.757965
-0.147993 -0.064141 0.752289
-0.0073095 -0.0751033 0.740533
-0.147466 -0.0654993 0.757209
-0.148173 -0.0641905 0.751679
-0.00972651 -0.0773814 0.737204
-0.149015 -0.0637578 0.755167
-0.147386 -0.0642843 0.752
-0.00891203 -0.0768258 0.736198
-0.149328 -0.0640744 0.755763
-0.146528 -0.0654001 0.751691
-0.0076425 -0.0766209 0.737805
-0.151046 -0.0640282 0.754427
-0.147957 -0.0652604 0.751873
-0.00693227 -0.078758 0.736546
-0.149737 -0.0603843 0.757502
-0.146905 -0.0642419 0.752626
-0.00602018 -0.0806196 0.734984
-0.147344 -0.0590239 0.758937
-0.14957 -0.0648548 0.751377
-0.00320112 -0.0763016 0.738044
-0.1506 -0.0597062 0.758245
-0.149887 -0.0645304 0.751083
-0.0035188 -0.0756386 0.739311
-0.151833 -0.0569912 0.759297
-0.149079 -0.0631038 0.752083
-0.00669495 -0.0776456 0.738225
-0.152833 -0.0577647 0.758273
-0.149266 -0.0646411 0.750431
-0.0083508 -0.079194 0.736492
-0.152971 -0.0599717 0.755754
-0.150646 -0.0642238 0.75061
-0.0065656 -0.0787288 0.735317
-0.151882 -0.0620292 0.756291
-0.150299 -0.0614685 0.751062
-0.00473327 -0.0792513 0.737257
-0.15213 -0.0616184 0.755465
-0.152565 -0.0615313 0.750517
-0.00241232 -0.0788625 0.73599
-0.153161 -0.0603818 0.755896
-0.152267 -0.0615385 0.751757
-0.00529757 -0.0803786 0.734912
-0.152431 -0.0618594 0.755355
-0.152589 -0.0642556 0.750662
-0.00443483 -0.0808177 0.734352
-0.150622 -0.0622274 0.756036
-0.151861 -0.0643591 0.75106
-0.00471559 -0.0793541 0.733857
-0.15085 -0.0617718 0.756347
-0.148781 -0.065827 0.751065
-0.00760084 -0.0814932 0.733699
-0.153509 -0.0623741 0.754711
-0.147539 -0.0646873 0.750522
-0.00676424 -0.0794219 0.73497
-0.1531 -0.0608085 0.755045
-0.147634 -0.0634534 0.751895
-0.00210142 -0.0834944 0.73602
-0.15271 -0.0620647 0.754722
-0.146329 -0.0652322 0.752181
0.00115874 -0.0810837 0.733902
-0.151245 -0.0590737 0.75737
-0.145328 -0.0656004 0.752215
0.00176918 -0.0797093 0.733151
-0.151744 -0.0599962 0.757336
-0.148819 -0.0637892 0.750778
0.0022565 -0.0796897 0.734584
-0.150215 -0.0606912 0.756374
