0.0349024 -0.14339 0.779063
-0.127786 -0.159114 0.799553
0.0825136 -0.112212 0.758835
-0.0833117 -0.125757 0.782657
0.0375787 -0.146124 0.780592
-0.12734 -0.158249 0.796678
0.0771086 -0.112078 0.757583
-0.082165 -0.132086 0.776244
0.0437386 -0.139788 0.776027
-0.125814 -0.156812 0.796519
0.0689509 -0.119741 0.762721
-0.0828358 -0.129135 0.779658
0.0491833 -0.131979 0.77499
-0.12423 -0.15683 0.796448
0.0747266 -0.118714 0.763816
-0.0814546 -0.128247 0.781253
0.0416658 -0.134517 0.7749
-0.124367 -0.155201 0.795099
0.0743349 -0.118132 0.762954
-0.081436 -0.129093 0.780111
0.0362543 -0.140602 0.781554
-0.124812 -0.155485 0.796484
0.0769502 -0.11865 0.761353
-0.0822419 -0.127331 0.781142
0.030365 -0.146956 0.782697
-0.128643 -0.156882 0.796944
0.0748276 -0.115664 0.760278
-0.0820924 -0.126318 0.781083
0.0259167 -0.151092 0.786505
-0.127127 -0.158268 0.797756
0.0767562 -0.113106 0.761007
-0.0834446 -0.125719 0.782253
0.0304366 -0.145271 0.781089
-0.128465 -0.157068 0.79914
0.0776023 -0.113661 0.761465
-0.083324 -0.126645 0.780857
0.0448937 -0.137339 0.77326
-0.12539 -0.157027 0.797366
0.0781058 -0.113398 0.759628
-0.0852183 -0.125478 0.779742
0.0438258 -0.141351 0.776707
-0.12529 -0.157485 0.797298
0.0793494 -0.112832 0.75994
-0.0862136 -0.126137 0.780482
0.0494531 -0.138857 0.773162
-0.121933 -0.156703 0.79617
0.078372 -0.115181 0.761028
-0.0866617 -0.125569 0.78229
0.0462164 -0.137247 0.773473
-0.123894 -0.15566 0.79656
0.0779617 -0.1159 0.760624
-0.0868002 -0.126818 0.781782
0.0431626 -0.138366 0.775357
-0.124143 -0.15476 0.794178
0.0766544 -0.116218 0.759863
-0.0855466 -0.126993 0.780766
0.0416366 -0.1377 0.77649
-0.123712 -0.155547 0.796134
0.0777224 -0.115713 0.759619
-0.0863899 -0.126888 0.780821
0.0405814 -0.139457 0.777046
-0.127065 -0.155404 0.794932
0.0787483 -0.11547 0.759899
-0.0858146 -0.128166 0.780106
0.0413818 -0.139108 0.777811
-0.125753 -0.15636 0.796505
0.0795509 -0.115522 0.760119
-0.084842 -0.12685 0.781063
0.0392795 -0.142702 0.776477
-0.121298 -0.157691 0.793878
0.079189 -0.113157 0.759993
-0.085178 -0.125898 0.781616
0.038833 -0.140851 0.776386
-0.120977 -0.155427 0.794499
0.0789933 -0.111537 0.76059
-0.0844807 -0.125808 0.781095
0.0419286 -0.134912 0.776826
-0.123641 -0.154551 0.794797
0.0792951 -0.111175 0.762562
-0.0846157 -0.125122 0.781124
0.0349869 -0.138764 0.779045
-0.130193 -0.159534 0.796315
0.0782941 -0.113393 0.761719
-0.0837698 -0.125806 0.780319
0.0178159 -0.149398 0.792097
-0.130573 -0.161674 0.80325
0.0773342 -0.113697 0.761579
-0.0827089 -0.126205 0.780964
0.0188484 -0.145217 0.782815
-0.135185 -0.160881 0.803448
0.0785264 -0.114792 0.760035
-0.0838232 -0.127709 0.780897
0.0222895 -0.143846 0.787055
-0.135867 -0.16165 0.801209
0.0781028 -0.115726 0.759756
-0.0827724 -0.12694 0.779021
0.0265794 -0.142564 0.784827
-0.134704 -0.162066 0.799436
0.0793654 -0.115333 0.760556
-0.0845037 -0.125318 0.780526
0.0316798 -0.144579 0.781913
-0.131606 -0.161356 0.800401
0.0773631 -0.115646 0.760454
-0.0847727 -0.126419 0.780544
0.0303638 -0.143732 0.781826
-0.135869 -0.161008 0.80295
0.0779118 -0.116107 0.760824
-0.0844243 -0.127248 0.78159
0.0273594 -0.144686 0.783232
-0.136642 -0.162568 0.802232
0.079471 -0.114822 0.759421
-0.083981 -0.125719 0.782489
0.0311967 -0.143722 0.782374
-0.134565 -0.160983 0.799944
0.0807821 -0.113638 0.760685
-0.0857215 -0.125745 0.782242
0.0376086 -0.141015 0.778675
-0.131038 -0.159587 0.799188
0.0793149 -0.114817 0.761119
-0.0857665 -0.126081 0.781075
0.0377329 -0.141345 0.778894
-0.130752 -0.161006 0.79812
0.0754889 -0.114354 0.760495
-0.0846698 -0.125388 0.780951
0.04187 -0.134063 0.775328
-0.129144 -0.160644 0.798575
0.0780221 -0.114936 0.75945
-0.0868311 -0.125927 0.780435
0.0422259 -0.133548 0.777379
-0.132184 -0.164857 0.800782
0.0782908 -0.115685 0.760519
-0.0853299 -0.12624 0.780274
0.0404327 -0.135042 0.778787
-0.127956 -0.163208 0.79802
0.0776282 -0.117615 0.761011
-0.0841147 -0.126279 0.780265
0.0427371 -0.135004 0.778021
-0.126562 -0.160157 0.797632
0.0774136 -0.116593 0.759241
-0.0837263 -0.125385 0.780274
0.0399426 -0.135608 0.779162
-0.130213 -0.163291 0.798233
0.0766228 -0.117391 0.760904
-0.0853893 -0.127449 0.780571
0.0405705 -0.135855 0.77863
-0.128856 -0.160315 0.798675
0.0773537 -0.11725 0.761449
-0.0858257 -0.126794 0.780566
0.0364481 -0.140225 0.781259
-0.129244 -0.161757 0.798624
0.0786118 -0.116605 0.761084
-0.0861029 -0.126541 0.781653
0.0382037 -0.139708 0.782569
-0.130518 -0.160503 0.799404
0.0775543 -0.113163 0.760279
-0.0863218 -0.12449 0.780704
0.0334531 -0.138111 0.782032
-0.131289 -0.159996 0.798936
0.0778674 -0.114213 0.760072
-0.084704 -0.124227 0.781375
0.0350008 -0.141143 0.781487
-0.126192 -0.158422 0.797243
0.0764513 -0.114063 0.761828
-0.0848851 -0.126318 0.78162
0.0352888 -0.138784 0.781004
-0.126032 -0.156241 0.796402
0.0777134 -0.11144 0.761375
-0.0839811 -0.125764 0.780743
0.0372866 -0.138484 0.778272
-0.133143 -0.163742 0.801633
0.079503 -0.109552 0.761027
-0.0818966 -0.124336 0.782654
0.0378857 -0.138694 0.779471
-0.130861 -0.160937 0.798962
0.0796034 -0.109503 0.76039
-0.0823288 -0.12415 0.782545
0.0334956 -0.141438 0.781096
-0.130764 -0.163151 0.799544
0.0813914 -0.108378 0.760977
-0.0822733 -0.125121 0.78074
0.0308314 -0.143794 0.781917
-0.131141 -0.162273 0.799166
0.0789431 -0.109191 0.762327
-0.081898 -0.124465 0.781091
0.0365813 -0.140059 0.779133
-0.127972 -0.159865 0.797619
0.0797529 -0.109154 0.763343
-0.0816103 -0.124748 0.782134
0.0407665 -0.135693 0.777369
-0.126418 -0.156959 0.7965
0.0829664 -0.106544 0.7629
-0.0821336 -0.125731 0.781226
0.0427572 -0.138945 0.77705
-0.127269 -0.158087 0.796714
0.0800209 -0.109352 0.761632
-0.0822626 -0.127673 0.780662
0.034985 -0.144495 0.780619
-0.127153 -0.157649 0.796792
0.0786076 -0.107414 0.763539
-0.0819917 -0.128844 0.780046
0.0192559 -0.153171 0.786851
-0.12977 -0.157182 0.798413
0.0799662 -0.108721 0.761404
-0.0825964 -0.126802 0.782488
0.0211718 -0.148354 0.787079
-0.128468 -0.157853 0.798253
0.0797561 -0.112362 0.760671
-0.0815924 -0.133199 0.780497
0.0200675 -0.149869 0.788507
-0.127962 -0.155657 0.798527
0.0816019 -0.112711 0.760874
-0.092912 -0.129053 0.785012
0.022852 -0.147343 0.786467
-0.126466 -0.155194 0.795751
0.0811708 -0.114589 0.760845
-0.091365 -0.125895 0.786964
0.0246449 -0.147346 0.786406
-0.127275 -0.154731 0.795921
0.0820222 -0.114936 0.760303
-0.08605 -0.123141 0.786838
0.0267629 -0.142834 0.784066
-0.124366 -0.15641 0.797661
0.0813423 -0.117007 0.760277
-0.0825048 -0.128313 0.783102
0.0278635 -0.140718 0.783149
-0.126454 -0.158782 0.797228
0.0816091 -0.1164 0.760721
-0.0823544 -0.127437 0.777829
0.0364019 -0.137239 0.780348
-0.133283 -0.160521 0.798836
0.0799439 -0.113636 0.760305
-0.0847086 -0.128801 0.779581
0.0422345 -0.134835 0.777093
-0.13276 -0.160879 0.801018
0.0802255 -0.111507 0.759849
-0.0827344 -0.128367 0.779357
0.0405197 -0.134288 0.777536
-0.127757 -0.159674 0.79984
0.0814242 -0.113042 0.760246
-0.0831306 -0.12303 0.781007
0.0359451 -0.140723 0.779808
-0.124607 -0.156859 0.795363
0.0819491 -0.109525 0.760571
-0.0838801 -0.123833 0.781011
0.0394286 -0.13909 0.776907
-0.124521 -0.157166 0.79585
0.0818002 -0.111167 0.760961
-0.0850819 -0.12665 0.780704
0.0412456 -0.139542 0.777301
-0.129205 -0.159376 0.799369
0.0797087 -0.111497 0.762015
-0.0827483 -0.12695 0.781356
0.0400362 -0.141946 0.77823
-0.129031 -0.159632 0.797501
0.0799899 -0.112479 0.761485
-0.0837724 -0.125944 0.780325
0.0396519 -0.143233 0.77738
-0.12643 -0.157014 0.796783
0.078749 -0.114396 0.761314
-0.0839018 -0.125935 0.781982
0.0391635 -0.140767 0.776266
-0.124953 -0.157134 0.796047
0.0788342 -0.113659 0.761918
-0.0824516 -0.127692 0.781151
0.0408286 -0.142315 0.776639
-0.126869 -0.157908 0.797419
0.0786202 -0.113012 0.761829
-0.0833832 -0.12759 0.780687
0.0364936 -0.145053 0.778854
-0.130197 -0.159552 0.798267
0.0780347 -0.113724 0.762214
-0.0843617 -0.127894 0.779205
0.0428653 -0.137755 0.777862
-0.128069 -0.158745 0.797916
0.077784 -0.112855 0.761422
-0.0839588 -0.129777 0.779918
0.0283721 -0.14352 0.783529
-0.129786 -0.159958 0.798364
0.0776367 -0.11431 0.761965
-0.0834503 -0.127344 0.779899
0.0254722 -0.146773 0.784019
-0.130346 -0.15965 0.798452
0.0774869 -0.111576 0.760709
-0.0830583 -0.126142 0.780437
0.0306418 -0.149049 0.781734
-0.130402 -0.159952 0.798546
0.0774486 -0.112466 0.760653
-0.0843348 -0.126716 0.780689
0.0383223 -0.142717 0.779941
-0.130478 -0.159745 0.799156
0.0761698 -0.112241 0.762319
-0.0841248 -0.126497 0.780485
0.0316544 -0.144172 0.780654
-0.133534 -0.159332 0.801149
0.0764315 -0.113419 0.761491
-0.0841213 -0.12544 0.781969
0.0425006 -0.136884 0.778189
-0.134088 -0.160166 0.800885
0.07628 -0.113191 0.761947
-0.0838711 -0.126127 0.780971
0.0516291 -0.133753 0.774592
-0.137271 -0.162992 0.802129
0.0751774 -0.112967 0.761364
-0.0862176 -0.125859 0.780647
0.0476886 -0.138425 0.772633
-0.135797 -0.161698 0.802283
0.0767375 -0.113425 0.760788
-0.0838025 -0.126122 0.779639
0.0468908 -0.137546 0.773451
-0.134461 -0.162594 0.800878
0.0770344 -0.112746 0.760182
-0.0825438 -0.125434 0.780979
0.0411297 -0.139137 0.775862
-0.13304 -0.162759 0.799398
0.0784845 -0.114076 0.760913
-0.0834574 -0.125294 0.78138
0.0323626 -0.142838 0.780583
-0.13897 -0.165462 0.802891
0.077508 -0.114554 0.761953
-0.0851789 -0.124782 0.77916
0.0277892 -0.148761 0.782308
-0.137998 -0.165828 0.801502
0.0779633 -0.1156 0.762104
-0.0840671 -0.126489 0.78183
0.0258325 -0.149485 0.78288
-0.132115 -0.162542 0.799957
0.077374 -0.116054 0.761549
-0.0870196 -0.126396 0.78023
0.0281306 -0.147173 0.780012
-0.128225 -0.15997 0.7992
0.0749988 -0.115231 0.762468
-0.0878994 -0.12787 0.779907
0.0317134 -0.145951 0.782875
-0.125248 -0.157192 0.797442
0.0754903 -0.114359 0.761405
-0.0871027 -0.126249 0.780377
0.0245646 -0.15227 0.785783
-0.128512 -0.155907 0.796974
0.077696 -0.115328 0.760763
-0.0859227 -0.125879 0.780443
0.0273435 -0.150336 0.782684
-0.125984 -0.15534 0.794502
0.0778813 -0.116264 0.762281
-0.0857691 -0.128424 0.781237
0.0277353 -0.148891 0.78365
-0.124709 -0.154505 0.796558
0.0781446 -0.114993 0.760448
-0.0828644 -0.128973 0.78046
0.0320764 -0.145774 0.781516
-0.123781 -0.156164 0.79683
0.0804531 -0.113111 0.759646
-0.0815001 -0.129535 0.779558
0.0344692 -0.143649 0.780652
-0.123655 -0.154429 0.795302
0.076616 -0.114038 0.760464
-0.0800032 -0.129903 0.778987
0.0402553 -0.135513 0.777471
-0.123747 -0.15514 0.795259
0.0764801 -0.112853 0.759967
-0.0828933 -0.131113 0.781191
0.0415667 -0.13719 0.776816
-0.120593 -0.153736 0.792738
0.0753181 -0.115318 0.761616
-0.082734 -0.129891 0.780813
0.0412758 -0.139108 0.77792
-0.123488 -0.157255 0.79567
0.0773448 -0.11214 0.761302
-0.0844325 -0.130463 0.779937
0.0416329 -0.135902 0.778487
-0.125676 -0.157427 0.796589
0.0728045 -0.114334 0.763721
-0.0843763 -0.128423 0.779744
0.0404041 -0.139059 0.778281
-0.127066 -0.15948 0.796597
0.0729271 -0.114831 0.762997
-0.085154 -0.127177 0.780366
0.0459354 -0.131815 0.776607
-0.130436 -0.161569 0.79843
0.0790942 -0.111585 0.760914
-0.0874284 -0.127533 0.780114
0.0444555 -0.130608 0.776687
-0.132066 -0.162493 0.799851
0.0792094 -0.11423 0.761816
-0.0871514 -0.125749 0.781874
0.0417367 -0.133806 0.777214
-0.129634 -0.161412 0.799358
0.0784212 -0.115863 0.76099
-0.0856774 -0.125366 0.7819
0.037833 -0.13171 0.782848
-0.128589 -0.159682 0.799327
0.0790709 -0.115138 0.759732
-0.0848192 -0.127774 0.780326
0.0322352 -0.141131 0.780865
-0.131191 -0.160321 0.798987
0.0807262 -0.118826 0.759949
-0.0845508 -0.124942 0.779532
0.0300659 -0.144279 0.782522
-0.132262 -0.16023 0.799904
0.0805878 -0.116744 0.758243
-0.0837237 -0.126729 0.781731
0.0329301 -0.144376 0.781906
-0.129056 -0.158016 0.79832
0.0800509 -0.116484 0.760723
-0.0849039 -0.127355 0.779649
0.0176775 -0.147495 0.785016
-0.128973 -0.157592 0.799205
0.0787946 -0.117654 0.760087
-0.0870968 -0.125983 0.776363
0.025576 -0.146075 0.784433
-0.132299 -0.1585 0.799476
0.0767018 -0.118571 0.760882
-0.085007 -0.128139 0.780495
0.0276122 -0.140802 0.784847
-0.131246 -0.159213 0.79851
0.0768511 -0.117444 0.759695
-0.0832058 -0.12564 0.77884
0.0231721 -0.147749 0.785857
-0.131351 -0.160932 0.799923
0.0771542 -0.116749 0.760456
-0.0833555 -0.126551 0.779272
0.0285793 -0.146564 0.785003
-0.132337 -0.159879 0.800095
0.0755778 -0.116461 0.760571
-0.0832426 -0.12755 0.781784
0.0312721 -0.144643 0.783032
-0.128199 -0.156811 0.797589
0.0771734 -0.118004 0.760304
-0.0857545 -0.126241 0.780368
0.0283806 -0.148281 0.783007
-0.125082 -0.155718 0.79694
0.0795605 -0.115212 0.760682
-0.0856044 -0.127185 0.780478
0.0334994 -0.146207 0.781298
-0.120735 -0.153705 0.794704
0.0772283 -0.114963 0.759819
-0.0849843 -0.127563 0.780578
0.0389052 -0.143377 0.778774
-0.120584 -0.153225 0.793952
0.0787234 -0.113252 0.760333
-0.083731 -0.12647 0.780755
0.0408495 -0.13999 0.778544
-0.120889 -0.154166 0.793298
0.0788741 -0.112639 0.760652
-0.0830909 -0.126703 0.779514
0.0433053 -0.136741 0.77596
-0.122991 -0.151044 0.797197
0.0776894 -0.112642 0.761115
-0.0846617 -0.127867 0.78024
0.0351469 -0.142904 0.779592
-0.123587 -0.150944 0.792445
0.0773544 -0.112111 0.762003
-0.0977787 -0.137401 0.788094
0.0346621 -0.144457 0.78161
-0.127842 -0.157914 0.796701
0.0790249 -0.113517 0.760966
-0.0976991 -0.13749 0.785176
0.0356636 -0.142528 0.780838
-0.125309 -0.157759 0.796705
0.0803992 -0.113189 0.761602
-0.0905351 -0.134425 0.781511
0.0364983 -0.141254 0.778256
-0.125174 -0.154519 0.797801
0.0801191 -0.111307 0.760544
-0.0867335 -0.127447 0.780117
0.0338907 -0.143024 0.779421
-0.12502 -0.158281 0.797069
0.0869578 -0.109668 0.760241
-0.0866636 -0.126948 0.77897
0.0294914 -0.14595 0.78172
-0.123417 -0.155384 0.795507
0.0830573 -0.113726 0.759878
-0.0854617 -0.128094 0.780614
0.0442201 -0.134977 0.775741
-0.122675 -0.152317 0.793467
0.0784936 -0.115612 0.758413
-0.084847 -0.126838 0.780684
0.0506132 -0.131519 0.773138
-0.120745 -0.152654 0.793592
0.0776296 -0.118228 0.760777
-0.084456 -0.126906 0.781007
0.0542414 -0.129239 0.773051
-0.121573 -0.15369 0.795
0.0787001 -0.114992 0.758917
-0.0839693 -0.129656 0.780638
0.0518717 -0.125066 0.767314
-0.123121 -0.155496 0.796356
0.0823641 -0.116985 0.759497
-0.0842601 -0.129016 0.781813
0.0491195 -0.130666 0.766686
-0.126114 -0.156326 0.797817
0.0818947 -0.114685 0.760028
-0.0861304 -0.129267 0.78206
0.0480941 -0.128891 0.771203
-0.127805 -0.158465 0.796899
0.080015 -0.11591 0.760126
-0.0852291 -0.128494 0.781896
0.0476425 -0.128155 0.772651
-0.125603 -0.157121 0.796113
0.0795714 -0.11673 0.75986
-0.0854237 -0.12767 0.781214
0.0408183 -0.137056 0.77667
-0.128769 -0.159488 0.798499
0.08022 -0.115589 0.760531
-0.0856453 -0.126123 0.780757
0.0345522 -0.142874 0.779721
-0.127201 -0.158748 0.796903
0.0803592 -0.115993 0.75998
-0.0843001 -0.126751 0.781779
0.0362431 -0.142772 0.777356
-0.126597 -0.160897 0.796392
0.0791103 -0.11658 0.760688
-0.0858318 -0.126572 0.781193
0.0346812 -0.144775 0.782458
-0.124354 -0.160815 0.797227
0.0801905 -0.113579 0.761266
-0.0854593 -0.126 0.779931
0.0332913 -0.147614 0.780939
-0.123054 -0.15668 0.79579
0.0804439 -0.11456 0.762932
-0.0860037 -0.125388 0.780605
0.0345438 -0.146307 0.77815
-0.126434 -0.158332 0.7973
0.0808552 -0.112937 0.760747
-0.0853703 -0.127405 0.779508
0.0335203 -0.146306 0.780411
-0.123971 -0.157461 0.796516
0.0810505 -0.10841 0.760788
-0.0852858 -0.127915 0.779441
0.0398482 -0.144122 0.777394
-0.118655 -0.154822 0.793619
0.0807123 -0.112202 0.760108
-0.0845745 -0.129484 0.780876
0.0362057 -0.144124 0.778651
-0.117813 -0.15377 0.793189
0.0786876 -0.112749 0.761605
-0.0851208 -0.128662 0.781242
0.0343847 -0.142201 0.780145
-0.120695 -0.15602 0.793042
0.0783605 -0.116077 0.761899
-0.0841132 -0.127155 0.782647
0.0375823 -0.142162 0.779338
-0.127114 -0.15898 0.79785
0.0753994 -0.113372 0.756971
-0.0832285 -0.12746 0.780751
0.0402684 -0.140923 0.777228
-0.132077 -0.163103 0.801257
0.0710965 -0.110616 0.761794
-0.0828558 -0.127802 0.780393
0.038814 -0.140026 0.778488
-0.128867 -0.159271 0.798141
0.0590362 -0.124931 0.777147
-0.0849731 -0.127903 0.780938
0.043756 -0.13929 0.776123
-0.128522 -0.158203 0.797924
0.0519517 -0.129914 0.774104
-0.0857577 -0.126917 0.779907
0.0376644 -0.142767 0.77914
-0.129304 -0.159087 0.798202
0.0462342 -0.131631 0.77674
-0.0844785 -0.127942 0.780074
0.0415758 -0.139382 0.777254
-0.127285 -0.157289 0.798337
0.0424559 -0.136154 0.777982
-0.0856923 -0.128121 0.779816
0.040429 -0.137547 0.777021
-0.129007 -0.157876 0.798029
0.0413891 -0.136817 0.781253
-0.0841625 -0.130585 0.779528
0.0403971 -0.137663 0.776599
-0.124528 -0.15596 0.795987
0.0418359 -0.138028 0.777414
-0.0851605 -0.130784 0.780472
0.0406077 -0.141444 0.777616
-0.126137 -0.158413 0.795317
0.0473165 -0.136916 0.775445
-0.0849291 -0.130506 0.779953
0.0405753 -0.139839 0.778578
-0.123903 -0.153191 0.793131
0.0532416 -0.13244 0.771211
-0.0838798 -0.130947 0.781392
0.040581 -0.140111 0.776608
-0.119424 -0.152804 0.794377
0.0548581 -0.129973 0.770176
-0.0845549 -0.129539 0.780133
0.0429116 -0.137354 0.774979
-0.122788 -0.153609 0.795169
0.0562993 -0.129044 0.771713
-0.0827022 -0.129911 0.78066
0.0488038 -0.129875 0.770995
-0.129629 -0.158435 0.797729
0.0643957 -0.124063 0.764673
-0.084063 -0.131584 0.780598
0.0371922 -0.140296 0.776406
-0.13088 -0.15963 0.799401
0.0730486 -0.115144 0.761642
-0.0835562 -0.128647 0.779756
0.0394606 -0.137466 0.777866
-0.130315 -0.159896 0.796909
0.0757238 -0.114662 0.761066
-0.0838091 -0.12751 0.781146
0.0353679 -0.140596 0.778816
-0.133867 -0.15469 0.796811
0.0753 -0.116028 0.759009
-0.0829894 -0.125381 0.781017
0.036351 -0.137189 0.778788
-0.138581 -0.162726 0.801248
0.0750257 -0.118568 0.762184
-0.0819994 -0.127118 0.780703
0.044699 -0.135997 0.779583
-0.137331 -0.161278 0.802048
0.0764208 -0.115286 0.761288
-0.0832136 -0.12684 0.780351
0.0423602 -0.136803 0.780078
-0.138873 -0.164809 0.802997
0.0762016 -0.116544 0.76191
-0.085944 -0.125466 0.780738
0.0469511 -0.131211 0.774209
-0.138782 -0.16231 0.802137
0.0772387 -0.115541 0.759735
-0.0878676 -0.125289 0.78205
0.0529337 -0.133914 0.770492
-0.134214 -0.160249 0.799602
0.0763477 -0.114806 0.760924
-0.0860367 -0.125902 0.781561
0.0443189 -0.132922 0.776248
-0.131478 -0.156666 0.797972
0.0785272 -0.115415 0.760676
-0.0855288 -0.126349 0.780588
0.0444973 -0.131693 0.777658
-0.1316 -0.158678 0.799814
0.0772837 -0.116353 0.761708
-0.0846832 -0.125513 0.78153
0.0455543 -0.132122 0.77711
-0.126024 -0.15641 0.796375
0.0769437 -0.116499 0.760587
-0.0855563 -0.125772 0.781731
0.0376578 -0.140063 0.780171
-0.126919 -0.156621 0.797173
0.077829 -0.11502 0.761983
-0.086242 -0.12441 0.780514
0.0399233 -0.135382 0.777894
-0.124522 -0.156295 0.79607
0.078482 -0.115988 0.76158
-0.0841375 -0.125881 0.781545
0.0472354 -0.140453 0.770359
-0.123593 -0.154916 0.795355
0.0790328 -0.113775 0.760284
-0.0833711 -0.126919 0.781238
0.0477756 -0.133488 0.772468
-0.125761 -0.155563 0.797158
0.0806673 -0.11349 0.761028
-0.0838178 -0.125756 0.781093
0.0467598 -0.1377 0.77689
-0.12572 -0.156636 0.797769
0.0797767 -0.115067 0.760599
-0.0834115 -0.12535 0.78228
0.0506528 -0.128564 0.774586
-0.122587 -0.156477 0.796308
0.0770676 -0.115266 0.760732
-0.0825635 -0.125931 0.781078
0.048423 -0.133046 0.775675
-0.122781 -0.156277 0.795675
0.0770442 -0.116271 0.759519
-0.0835972 -0.126555 0.779665
0.0445356 -0.137962 0.781501
-0.12204 -0.153272 0.794783
0.077772 -0.116693 0.759709
-0.0833837 -0.127281 0.780908
0.037166 -0.140662 0.778444
-0.119947 -0.152088 0.793477
0.0776062 -0.117584 0.760454
-0.0831326 -0.127635 0.780001
0.0418658 -0.140036 0.77706
-0.118301 -0.152556 0.79263
0.0773094 -0.116939 0.759777
-0.0826246 -0.126813 0.781577
0.0452477 -0.131089 0.777538
-0.119976 -0.151171 0.79376
0.0754919 -0.11722 0.759471
-0.0824994 -0.126148 0.781144
0.0386064 -0.138952 0.778191
-0.119062 -0.150926 0.794054
0.075617 -0.117367 0.75997
-0.0811765 -0.12582 0.781281
0.0309834 -0.14308 0.781157
-0.118598 -0.150669 0.793602
0.0757449 -0.117471 0.762043
-0.0830407 -0.125055 0.781896
0.0347079 -0.14369 0.780736
-0.119303 -0.151722 0.79312
0.0769997 -0.115924 0.760326
-0.0820726 -0.125902 0.779991
0.0384376 -0.140528 0.779044
-0.121431 -0.154717 0.796306
0.0786977 -0.115658 0.760074
-0.0823252 -0.126815 0.781541
0.037545 -0.14035 0.779396
-0.120701 -0.153282 0.795487
0.0787233 -0.114354 0.759702
-0.0794739 -0.127352 0.781397
0.0388958 -0.14085 0.778889
-0.119822 -0.153965 0.793884
0.0806 -0.114413 0.760706
-0.0817851 -0.126067 0.780997
0.0314272 -0.146383 0.782229
-0.121957 -0.153831 0.795096
0.078797 -0.1133 0.761035
-0.0840757 -0.126826 0.779293
0.0114514 -0.161338 0.791061
-0.122215 -0.153897 0.795402
0.079452 -0.113952 0.76048
-0.0835684 -0.125892 0.781428
0.0145076 -0.157613 0.790654
-0.122524 -0.156879 0.795561
0.0792304 -0.114948 0.760578
-0.0842313 -0.128889 0.782679
0.0189886 -0.151179 0.787502
-0.126334 -0.157126 0.796258
0.0799828 -0.113039 0.759791
-0.0855657 -0.128016 0.780752
0.0227899 -0.146693 0.785732
-0.127077 -0.157514 0.797802
0.0816737 -0.112891 0.759478
-0.0866716 -0.127994 0.779862
0.0237243 -0.146406 0.784583
-0.132827 -0.160182 0.799112
0.0799516 -0.111234 0.758992
-0.0840738 -0.129238 0.780047
0.0299795 -0.147009 0.78208
-0.130805 -0.164146 0.79896
0.0797571 -0.11165 0.761131
-0.0838523 -0.129292 0.780515
0.0378759 -0.141546 0.778375
-0.127755 -0.161132 0.801312
0.0800978 -0.112841 0.759009
-0.0825732 -0.12744 0.781154
0.0336863 -0.142913 0.778673
-0.129516 -0.156605 0.797116
0.0799316 -0.114817 0.759996
-0.082857 -0.12694 0.780336
0.0287194 -0.14743 0.782214
-0.129345 -0.156482 0.798586
0.0795407 -0.114075 0.761122
-0.0842679 -0.129601 0.781034
0.0329919 -0.144599 0.780067
-0.131279 -0.159192 0.79933
0.0784995 -0.113004 0.76136
-0.0830144 -0.126944 0.779917
0.036298 -0.142717 0.778267
-0.130444 -0.159459 0.799484
0.0798829 -0.113638 0.75911
-0.0858759 -0.132823 0.780517
0.0390367 -0.140215 0.778827
-0.129982 -0.157601 0.800582
0.0798657 -0.11597 0.760879
-0.0862099 -0.12889 0.780871
0.0390156 -0.138312 0.779963
-0.132533 -0.157276 0.80007
0.0789879 -0.114618 0.760358
-0.0830244 -0.125263 0.781272
0.0397365 -0.138979 0.778279
-0.131086 -0.160145 0.798919
0.0797763 -0.11629 0.761622
-0.0825443 -0.125354 0.78126
0.0505039 -0.128222 0.780211
-0.131484 -0.15998 0.798893
0.0792728 -0.116082 0.75987
-0.0816521 -0.125164 0.780164
0.0508872 -0.129891 0.774182
-0.125337 -0.15742 0.79671
0.0827967 -0.116031 0.758135
-0.080729 -0.123708 0.782224
0.0502195 -0.133151 0.774641
-0.124633 -0.157771 0.797833
0.0809042 -0.116025 0.759604
-0.081589 -0.12598 0.779526
0.0444973 -0.136572 0.775912
-0.12497 -0.156542 0.796219
0.0810059 -0.116756 0.759235
-0.0815891 -0.128269 0.781631
0.0330772 -0.142386 0.780954
-0.123502 -0.155035 0.795064
0.0805628 -0.117516 0.758552
-0.0823024 -0.130217 0.780166
0.0326015 -0.142456 0.780541
-0.122245 -0.156977 0.795332
0.0789386 -0.11982 0.759597
-0.0827775 -0.128784 0.780613
0.0271278 -0.145194 0.784228
-0.124175 -0.158651 0.797535
0.0778686 -0.120711 0.759184
-0.0812267 -0.127018 0.780247
0.0288255 -0.144787 0.784836
-0.122512 -0.157628 0.795242
0.078664 -0.119668 0.759788
-0.0829493 -0.127368 0.781162
0.0237553 -0.146392 0.783572
-0.123058 -0.157872 0.79612
0.0808967 -0.120851 0.759479
-0.0828015 -0.130623 0.780111
0.0237377 -0.146148 0.787092
-0.12464 -0.159345 0.796675
0.0797659 -0.119086 0.758874
-0.0838952 -0.129814 0.781455
0.0227299 -0.144728 0.786168
-0.125385 -0.159769 0.795206
0.0777457 -0.119371 0.761182
-0.0852478 -0.129708 0.781771
0.0231108 -0.145652 0.786343
-0.127296 -0.162008 0.798056
0.0764944 -0.120318 0.761041
-0.081465 -0.127736 0.780872
0.0286786 -0.144599 0.784092
-0.129507 -0.161355 0.797411
0.0766601 -0.119797 0.758956
-0.0817351 -0.128033 0.780228
0.0343096 -0.140709 0.78298
-0.132232 -0.164351 0.797775
0.0753755 -0.118817 0.761479
-0.0805548 -0.125585 0.782271
0.028871 -0.143133 0.784885
-0.126257 -0.160917 0.796451
0.078061 -0.11945 0.760489
-0.0846417 -0.127315 0.781149
0.0261153 -0.146769 0.785171
-0.123188 -0.158097 0.794494
0.0769122 -0.118303 0.760544
-0.0843916 -0.12554 0.781969
0.0272286 -0.145502 0.784936
-0.124067 -0.154952 0.79509
0.0779103 -0.114425 0.759564
-0.0846184 -0.125964 0.780459
0.035023 -0.139269 0.779423
-0.124816 -0.156422 0.796058
0.0816013 -0.114344 0.757934
-0.0840296 -0.12722 0.780868
0.0414343 -0.137214 0.776817
-0.126367 -0.154517 0.797652
0.0786413 -0.112636 0.759407
-0.0854174 -0.126106 0.780811
0.0393302 -0.136714 0.775795
-0.124218 -0.154492 0.795475
0.0775058 -0.113366 0.760497
-0.0841037 -0.124785 0.781971
0.0358054 -0.140836 0.779164
-0.123917 -0.155272 0.795427
0.0787656 -0.115179 0.760041
-0.0849955 -0.125635 0.78202
0.030627 -0.148241 0.785715
-0.121162 -0.154896 0.794076
0.0793706 -0.113972 0.761261
-0.083615 -0.126 0.781515
0.0332258 -0.147786 0.782925
-0.120856 -0.153673 0.79428
0.0788653 -0.114484 0.761902
-0.0846675 -0.128273 0.781586
0.0336354 -0.14484 0.781429
-0.119854 -0.153524 0.793218
0.077413 -0.117718 0.760325
-0.0845786 -0.127039 0.77961
0.0328676 -0.144335 0.781945
-0.122125 -0.15514 0.794524
0.079578 -0.117438 0.759599
-0.0837574 -0.126432 0.780838
0.0334784 -0.147848 0.783984
-0.124668 -0.157242 0.795395
0.0785133 -0.118155 0.760287
-0.082954 -0.12658 0.780081
0.0253575 -0.147371 0.785597
-0.128038 -0.16039 0.79729
0.0789602 -0.11658 0.761974
-0.0845654 -0.1269 0.781457
0.0232196 -0.146409 0.786455
-0.125375 -0.158554 0.796771
0.0794427 -0.117068 0.761163
-0.083746 -0.12798 0.780459
0.0222377 -0.149842 0.785934
-0.123412 -0.157244 0.795203
0.0800867 -0.116672 0.760156
-0.0838402 -0.127175 0.780811
0.0311206 -0.145453 0.782141
-0.124443 -0.156929 0.795689
0.0781707 -0.115975 0.76045
-0.0828995 -0.126094 0.780363
0.0405761 -0.138968 0.776984
-0.126681 -0.158433 0.795819
0.0791678 -0.115761 0.757694
-0.0823573 -0.12631 0.78151
0.0515604 -0.136305 0.77987
-0.124206 -0.159414 0.79547
0.0803816 -0.116377 0.758638
-0.0849272 -0.127416 0.781133
0.0477495 -0.135805 0.774386
-0.125183 -0.158846 0.796203
0.0810857 -0.114109 0.75858
-0.0827431 -0.128017 0.781739
0.0432241 -0.135608 0.775946
-0.123111 -0.155307 0.795109
0.0807908 -0.114822 0.75775
-0.0830794 -0.125821 0.782601
0.0389203 -0.137375 0.7779
-0.121376 -0.154876 0.795493
0.0824109 -0.116285 0.760204
-0.084192 -0.127651 0.780409
0.0373608 -0.138436 0.780401
-0.138116 -0.170904 0.80687
0.0811514 -0.115076 0.759939
-0.0839354 -0.127103 0.78097
0.0327002 -0.143358 0.781291
-0.140775 -0.164601 0.800674
0.0808119 -0.114739 0.759591
-0.0833966 -0.12803 0.780969
0.0365084 -0.141236 0.779581
-0.127894 -0.15927 0.797657
0.0797245 -0.115974 0.759159
-0.0840992 -0.126496 0.780213
0.0366745 -0.145017 0.780914
-0.130194 -0.158938 0.798789
0.0806474 -0.116364 0.760402
-0.0840206 -0.127071 0.779977
0.0359909 -0.145386 0.779463
-0.126529 -0.158379 0.797812
0.0786806 -0.117362 0.759557
-0.083529 -0.126987 0.780329
0.0344901 -0.147997 0.780161
-0.127956 -0.159071 0.797382
0.0800848 -0.11684 0.759424
-0.0825887 -0.128375 0.779625
0.0323683 -0.149542 0.783108
-0.129712 -0.160757 0.797841
0.0814792 -0.116735 0.758725
-0.0823827 -0.133187 0.780255
0.0408398 -0.142487 0.777495
-0.129957 -0.160736 0.799316
0.0802712 -0.117536 0.760324
-0.0822139 -0.133909 0.780389
0.046575 -0.139317 0.77387
-0.128323 -0.159945 0.797015
0.0784218 -0.117151 0.76085
-0.0805385 -0.13252 0.780338
0.0472705 -0.136262 0.774713
-0.125743 -0.157926 0.797654
0.0784315 -0.116301 0.760071
-0.0840338 -0.129293 0.779685
0.0481623 -0.135203 0.774879
-0.124499 -0.156422 0.796392
0.0783359 -0.115077 0.759249
-0.0846057 -0.130579 0.780643
0.0487105 -0.136769 0.776165
-0.126979 -0.155415 0.796862
0.0795643 -0.114234 0.759484
-0.0848796 -0.127843 0.780557
0.0443442 -0.139648 0.775779
-0.126395 -0.156081 0.797782
0.0791967 -0.115012 0.7588
-0.0840754 -0.129301 0.780551
0.0412321 -0.139371 0.777437
-0.126359 -0.157754 0.796456
0.0793182 -0.114396 0.759171
-0.0826104 -0.129635 0.780098
0.0405193 -0.138071 0.777296
-0.125187 -0.156275 0.796476
0.0789317 -0.114049 0.759809
-0.084769 -0.128032 0.780729
0.043921 -0.135473 0.778536
-0.126085 -0.157096 0.797046
0.0788459 -0.115504 0.759459
-0.0852529 -0.127296 0.780388
0.0411667 -0.138692 0.778444
-0.123657 -0.154823 0.795215
0.0784716 -0.114793 0.760604
-0.0878258 -0.128384 0.780943
0.0348958 -0.140909 0.77984
-0.1229 -0.153031 0.795731
0.0779703 -0.114112 0.760415
-0.0866936 -0.128945 0.781245
0.0329328 -0.143063 0.780016
-0.121905 -0.154741 0.795285
0.0812582 -0.114537 0.758923
-0.0874534 -0.127732 0.780744
0.0330328 -0.142424 0.780326
-0.117972 -0.153033 0.792736
0.0785306 -0.115257 0.759961
-0.0885514 -0.127892 0.781074
0.0324824 -0.146859 0.781592
-0.122159 -0.155787 0.794619
0.0786467 -0.113786 0.760749
-0.0876999 -0.126953 0.780462
0.0339733 -0.146319 0.779616
-0.125951 -0.157651 0.797571
0.0784439 -0.114367 0.761659
-0.0786883 -0.129503 0.784136
0.0398803 -0.143713 0.777221
-0.124918 -0.156661 0.796189
0.0796043 -0.113227 0.761206
-0.080796 -0.129451 0.781398
0.0412869 -0.142683 0.77789
-0.126211 -0.156077 0.79711
0.0815836 -0.110623 0.761178
-0.0889229 -0.126655 0.78129
0.0402672 -0.142692 0.77647
-0.130157 -0.159805 0.798076
0.0814854 -0.111475 0.759423
-0.0853063 -0.128823 0.780076
0.0387023 -0.140152 0.776783
-0.13298 -0.161996 0.799547
0.0793233 -0.111916 0.761268
-0.0880363 -0.131192 0.77999
0.0381262 -0.140836 0.776864
-0.131196 -0.159123 0.798943
0.0797071 -0.110872 0.759187
-0.0903108 -0.128082 0.780249
0.044731 -0.141809 0.775855
-0.128454 -0.157448 0.79606
0.0783762 -0.110104 0.759644
-0.0888104 -0.128856 0.779008
0.0445104 -0.137602 0.777631
-0.122585 -0.153675 0.794998
0.0802094 -0.111708 0.760059
-0.0875514 -0.130693 0.7794
0.0423995 -0.136408 0.779229
-0.121324 -0.15251 0.794815
0.0804689 -0.112719 0.759914
-0.0844114 -0.132573 0.779933
0.0400035 -0.136793 0.776859
-0.12661 -0.155491 0.795928
0.0792809 -0.111625 0.760757
-0.0866065 -0.127577 0.78023
0.0374255 -0.14074 0.777119
-0.131358 -0.157965 0.798305
0.0805926 -0.114325 0.760229
-0.0863418 -0.126276 0.780482
0.0493517 -0.135554 0.773308
-0.134033 -0.161317 0.80106
0.0831814 -0.113259 0.7608
-0.0859195 -0.127627 0.779691
0.048043 -0.135088 0.773766
-0.137279 -0.162069 0.802905
0.0832253 -0.113697 0.759613
-0.0862227 -0.126574 0.780072
0.0468505 -0.13659 0.774718
-0.130889 -0.158271 0.798784
0.0839212 -0.11317 0.759003
-0.0876982 -0.126335 0.780533
0.0464202 -0.136699 0.773795
-0.13512 -0.158943 0.798779
0.0839674 -0.112761 0.759413
-0.0888654 -0.125778 0.780574
0.0495035 -0.133171 0.773085
-0.132399 -0.156741 0.796773
0.0864656 -0.112206 0.757802
-0.0927478 -0.124129 0.780158
0.0565014 -0.131308 0.771021
-0.136324 -0.157446 0.798382
0.0872218 -0.113383 0.757452
-0.095729 -0.12276 0.780439
0.0626885 -0.118709 0.772213
-0.134823 -0.155929 0.797581
0.0858205 -0.112451 0.756857
-0.0976488 -0.1198 0.778567
0.0660799 -0.125213 0.7704
-0.134304 -0.152147 0.79514
0.0870418 -0.111883 0.755946
-0.0988203 -0.119732 0.777952
0.0502018 -0.131135 0.767192
-0.13441 -0.154302 0.795618
0.0892739 -0.110786 0.754324
-0.099497 -0.119245 0.778216
0.0483568 -0.131152 0.76642
-0.138592 -0.157422 0.798065
0.0906178 -0.109784 0.753669
-0.101149 -0.12082 0.779163
0.0574338 -0.129626 0.76815
-0.13714 -0.158575 0.797331
0.089997 -0.108841 0.754084
-0.102072 -0.119641 0.777838
0.0541504 -0.131182 0.769231
-0.136392 -0.160164 0.796591
0.0909602 -0.108544 0.754281
-0.104907 -0.117118 0.77884
0.0574744 -0.130834 0.771429
-0.132221 -0.159557 0.795566
0.0918952 -0.10746 0.753219
-0.104683 -0.117246 0.777371
0.0510703 -0.133125 0.769831
-0.134203 -0.159977 0.797474
0.091715 -0.108076 0.754075
-0.103673 -0.118803 0.778258
0.0590245 -0.128467 0.766089
-0.136643 -0.161754 0.796335
0.0914425 -0.10796 0.754012
-0.104004 -0.119625 0.778119
0.0607277 -0.126572 0.765018
-0.139326 -0.165342 0.799358
0.0912336 -0.107061 0.75368
-0.103955 -0.11847 0.77837
0.059129 -0.127427 0.765401
-0.140033 -0.161899 0.797532
0.0917275 -0.106222 0.753409
-0.104865 -0.120065 0.777573
0.0548959 -0.127026 0.767838
-0.137766 -0.161034 0.796855
0.0900131 -0.106981 0.753716
-0.105206 -0.119673 0.777803
0.0576517 -0.125743 0.766337
-0.138156 -0.15896 0.794699
0.0900052 -0.107943 0.754056
-0.103772 -0.120674 0.777504
0.0577612 -0.119106 0.768556
-0.137971 -0.159485 0.796611
0.0906627 -0.106478 0.754175
-0.104289 -0.120666 0.778376
0.0673852 -0.129401 0.762974
-0.138403 -0.159819 0.79582
0.0911534 -0.106095 0.753641
-0.105332 -0.119574 0.777351
0.0634295 -0.124428 0.767598
-0.138299 -0.157714 0.796765
0.0910296 -0.106897 0.753927
-0.107037 -0.121238 0.77711
0.0589385 -0.124418 0.76711
-0.13635 -0.158416 0.795927
0.0909325 -0.107589 0.753751
-0.106408 -0.11982 0.777358
0.060454 -0.129083 0.767
-0.136146 -0.158394 0.795932
0.0915952 -0.107608 0.753821
-0.104121 -0.120285 0.778033
0.0550806 -0.128456 0.766839
-0.13936 -0.162498 0.798182
0.0918482 -0.108473 0.753443
-0.104496 -0.121094 0.777653
0.0488528 -0.130472 0.7718
-0.13962 -0.164018 0.799014
0.0914259 -0.108403 0.753803
-0.105757 -0.12197 0.777659
0.0477664 -0.132004 0.773986
-0.141662 -0.163998 0.798694
0.0920348 -0.108398 0.753082
-0.103755 -0.121644 0.778175
0.0437281 -0.136228 0.772361
-0.14206 -0.1647 0.79897
0.0906357 -0.109368 0.753808
-0.102357 -0.121922 0.777963
0.0403453 -0.13805 0.774803
-0.136289 -0.160416 0.796354
0.0902676 -0.109956 0.754487
-0.103612 -0.121358 0.777322
0.0402833 -0.136064 0.775317
-0.134712 -0.157614 0.794527
0.0910728 -0.106511 0.753637
-0.104482 -0.124615 0.776767
0.0408661 -0.135897 0.772177
-0.134036 -0.160436 0.794467
0.0916169 -0.105502 0.753445
-0.103523 -0.123578 0.777263
0.0455065 -0.134647 0.772131
-0.136452 -0.161184 0.796089
0.0934279 -0.104972 0.752846
-0.104138 -0.121096 0.777346
0.0439174 -0.130573 0.773886
-0.138604 -0.16399 0.797929
0.0929712 -0.105046 0.752781
-0.103958 -0.120552 0.777459
0.0444825 -0.12872 0.774848
-0.139678 -0.166602 0.799408
0.0934609 -0.105739 0.752803
-0.10486 -0.12009 0.777388
0.0373378 -0.133578 0.774302
-0.138775 -0.165915 0.797893
0.0939574 -0.105492 0.753739
-0.103515 -0.120173 0.778044
0.0466483 -0.130114 0.773247
-0.138663 -0.163419 0.797125
0.0938354 -0.104345 0.753805
-0.104873 -0.120055 0.777753
0.0491234 -0.128928 0.770256
-0.137744 -0.164205 0.797862
0.0946865 -0.105039 0.752345
-0.105013 -0.119644 0.777798
0.0384464 -0.136662 0.778463
-0.142985 -0.168613 0.800778
0.0948356 -0.104651 0.752875
-0.106789 -0.11874 0.779357
0.0534137 -0.123989 0.773565
-0.139587 -0.164744 0.798263
0.095592 -0.104408 0.752397
-0.105571 -0.119126 0.778295
0.0549733 -0.124912 0.768684
-0.137445 -0.161361 0.796243
0.0946211 -0.10437 0.752733
-0.1056 -0.118174 0.7779
0.0594154 -0.123392 0.768137
-0.136422 -0.161973 0.796503
0.0948761 -0.104828 0.752644
-0.105787 -0.119285 0.777345
0.0647653 -0.121872 0.764196
-0.131886 -0.160164 0.794007
0.0963443 -0.10718 0.753248
-0.106185 -0.119284 0.776257
0.0607014 -0.122609 0.764408
-0.13072 -0.158764 0.793513
0.0966842 -0.105403 0.752066
-0.104953 -0.12009 0.776993
0.058666 -0.124776 0.767522
-0.132707 -0.158542 0.793705
0.0953126 -0.105001 0.752514
-0.104839 -0.12037 0.777502
0.056499 -0.124186 0.766429
-0.135468 -0.159827 0.794583
0.0948972 -0.104485 0.751748
-0.104037 -0.120425 0.778101
0.0578028 -0.125086 0.766271
-0.133402 -0.160827 0.794758
0.0964106 -0.103663 0.751167
-0.103883 -0.119872 0.778376
0.0625907 -0.121994 0.763706
-0.13317 -0.160846 0.795693
0.0987336 -0.102271 0.751013
-0.104634 -0.120496 0.777442
0.0544738 -0.126453 0.767775
-0.135936 -0.161627 0.797456
0.100696 -0.100326 0.750154
-0.104859 -0.117529 0.776962
0.0496707 -0.129453 0.767458
-0.137203 -0.162258 0.796188
0.10229 -0.0993365 0.749664
-0.10525 -0.120469 0.777008
0.0531216 -0.124493 0.767353
-0.135906 -0.160258 0.795708
0.103412 -0.0983912 0.748443
-0.105503 -0.12059 0.777617
0.0493609 -0.123289 0.770164
-0.133905 -0.155986 0.793104
0.10668 -0.0966472 0.747096
-0.105802 -0.118724 0.778324
0.0506188 -0.122281 0.767423
-0.133707 -0.156678 0.793147
0.108223 -0.0949563 0.746893
-0.107312 -0.120276 0.777735
0.0542052 -0.122667 0.765492
-0.131781 -0.156226 0.793784
0.110645 -0.0926099 0.746188
-0.106504 -0.120012 0.777836
0.0639058 -0.118097 0.762467
-0.130894 -0.155109 0.79275
0.111575 -0.0920781 0.745827
-0.106338 -0.120193 0.77834
0.0665539 -0.113016 0.762002
-0.131054 -0.158251 0.794483
0.114735 -0.0902805 0.744887
-0.105336 -0.121201 0.776975
0.0724455 -0.110399 0.758871
-0.135216 -0.159641 0.794599
0.113648 -0.0882798 0.744583
-0.105763 -0.12218 0.776924
0.0721014 -0.109397 0.758817
-0.136909 -0.16368 0.797655
0.113938 -0.0900238 0.744843
-0.103658 -0.123607 0.776938
0.0746949 -0.11011 0.758725
-0.138764 -0.164213 0.798443
0.113181 -0.0910521 0.744832
-0.101534 -0.124824 0.777685
0.0762672 -0.108673 0.75715
-0.136867 -0.158737 0.795174
0.114835 -0.0905635 0.743799
-0.10232 -0.123268 0.777484
0.0777932 -0.108748 0.757976
-0.135299 -0.158519 0.794884
0.114907 -0.0909936 0.744634
-0.102467 -0.123093 0.777034
0.0762941 -0.10984 0.756712
-0.136617 -0.160746 0.795977
0.114111 -0.0907785 0.744325
-0.102216 -0.122528 0.7771
0.0754741 -0.111417 0.757576
-0.135471 -0.155689 0.794203
0.115569 -0.0918439 0.743596
-0.103212 -0.122361 0.77725
0.0688987 -0.11484 0.759163
-0.133154 -0.15508 0.792872
0.114899 -0.0916588 0.744216
-0.105478 -0.120914 0.777769
0.0730432 -0.111375 0.760478
-0.133981 -0.154802 0.792522
0.112277 -0.0925736 0.745445
-0.103927 -0.121404 0.777386
0.0781101 -0.107182 0.757852
-0.135841 -0.158241 0.79395
0.11219 -0.0916931 0.745651
-0.104959 -0.120531 0.777273
0.0785832 -0.107129 0.75671
-0.138358 -0.159888 0.796466
0.112719 -0.0917946 0.745337
-0.104746 -0.119653 0.777629
0.0772555 -0.107416 0.756834
-0.135649 -0.158312 0.796188
0.114246 -0.0904 0.744183
-0.104171 -0.121345 0.778094
0.076179 -0.107529 0.757886
-0.134483 -0.157158 0.794415
0.113869 -0.0904663 0.744254
-0.103528 -0.120737 0.777872
0.0808132 -0.104654 0.752308
-0.134574 -0.158174 0.794563
0.115771 -0.0905617 0.743745
-0.104286 -0.12105 0.777374
0.0802075 -0.106053 0.756117
-0.134736 -0.156962 0.793465
0.114777 -0.0901582 0.744489
-0.105828 -0.120398 0.777434
0.0757801 -0.109458 0.757253
-0.133517 -0.156516 0.793242
0.112684 -0.0918396 0.743703
-0.105302 -0.120776 0.777456
0.0741899 -0.10962 0.759232
-0.134487 -0.158544 0.79463
0.113016 -0.0903418 0.743941
-0.107224 -0.120421 0.77733
0.0658892 -0.113326 0.761135
-0.133989 -0.163475 0.79626
0.117056 -0.0883361 0.742515
-0.106891 -0.123662 0.775437
0.0649022 -0.113802 0.761623
-0.137447 -0.165233 0.797661
0.116681 -0.0890033 0.743754
-0.107419 -0.123108 0.776455
0.0626371 -0.115205 0.762828
-0.136815 -0.164617 0.798237
0.115883 -0.0879417 0.744369
-0.104648 -0.124095 0.776811
0.0659729 -0.111969 0.760895
-0.138368 -0.165666 0.799048
0.114982 -0.0870844 0.744958
-0.106167 -0.122897 0.776738
0.0712251 -0.109811 0.760052
-0.140934 -0.164459 0.79793
0.114312 -0.0877001 0.744776
-0.105687 -0.122633 0.776904
0.0681101 -0.112254 0.761239
-0.139884 -0.160591 0.797355
0.114957 -0.0906556 0.743228
-0.104573 -0.122242 0.776959
0.0697965 -0.111552 0.760332
-0.140189 -0.161014 0.795942
0.116798 -0.0911834 0.743358
-0.10487 -0.12151 0.777059
0.076274 -0.111032 0.757473
-0.137996 -0.163614 0.797909
0.114882 -0.0888202 0.746265
-0.103329 -0.121763 0.778066
0.0764223 -0.110312 0.75696
-0.138227 -0.16064 0.795853
0.114533 -0.0891772 0.744776
-0.104118 -0.121195 0.777472
0.0791464 -0.108821 0.756752
-0.136765 -0.162344 0.797146
0.113672 -0.0907745 0.744458
-0.102864 -0.123506 0.778396
0.0786825 -0.108558 0.756317
-0.133266 -0.158299 0.794237
0.112201 -0.0919535 0.744111
-0.103732 -0.123608 0.77741
0.0783012 -0.10884 0.756648
-0.133529 -0.159104 0.794895
0.117465 -0.0889074 0.743307
-0.101547 -0.124008 0.777551
0.0789927 -0.110429 0.756593
-0.140286 -0.162434 0.7974
0.114383 -0.0897266 0.744422
-0.103843 -0.122809 0.776683
0.0779099 -0.111353 0.75682
-0.139968 -0.163924 0.797769
0.113385 -0.0911618 0.744468
-0.103669 -0.122913 0.777185
0.07366 -0.112739 0.758226
-0.140198 -0.162008 0.79752
0.112428 -0.0915685 0.744536
-0.105703 -0.121979 0.776887
0.0699568 -0.113701 0.761315
-0.140082 -0.164345 0.799021
0.110338 -0.092033 0.744945
-0.103207 -0.121438 0.777421
0.0684321 -0.114396 0.760549
-0.143182 -0.167306 0.801483
0.109908 -0.0932702 0.745157
-0.103766 -0.122718 0.776815
0.0703754 -0.114144 0.759371
-0.143702 -0.167828 0.80155
0.112004 -0.0922357 0.745171
-0.103735 -0.122147 0.778488
0.0754726 -0.110788 0.757777
-0.144912 -0.167177 0.800494
0.115408 -0.0907622 0.743918
-0.105078 -0.121529 0.778459
0.0765546 -0.111385 0.757373
-0.143997 -0.166251 0.799862
0.115101 -0.089825 0.745269
-0.1069 -0.120106 0.777789
0.0746324 -0.113097 0.758772
-0.140673 -0.162486 0.797655
0.11455 -0.0922223 0.743938
-0.108015 -0.121697 0.777783
0.0741362 -0.112165 0.758526
-0.136303 -0.160872 0.795445
0.112167 -0.0938067 0.743488
-0.105568 -0.122317 0.778579
0.0780903 -0.109292 0.756467
-0.135079 -0.157352 0.793732
0.114272 -0.0927134 0.743439
-0.105791 -0.123203 0.778287
0.0790929 -0.110016 0.757137
-0.135134 -0.159522 0.795468
0.113633 -0.0934477 0.743573
-0.107688 -0.121982 0.778299
0.0730173 -0.111253 0.757583
-0.134619 -0.158276 0.79377
0.116404 -0.0895426 0.741418
-0.107306 -0.122392 0.778245
0.0720643 -0.11212 0.757812
-0.135081 -0.161078 0.795465
0.115916 -0.091143 0.743151
-0.104153 -0.124428 0.780048
0.0719434 -0.112563 0.759047
-0.132192 -0.162382 0.795998
0.113264 -0.0919914 0.743885
-0.100842 -0.126027 0.779691
0.0709153 -0.113851 0.758714
-0.130628 -0.163352 0.796231
0.11416 -0.0929061 0.742421
-0.0972418 -0.127404 0.780253
0.0735678 -0.11316 0.758205
-0.132937 -0.160803 0.795785
0.114356 -0.0926921 0.742906
-0.100249 -0.126296 0.780302
0.0757393 -0.114199 0.757158
-0.135553 -0.159497 0.794176
0.113054 -0.0933156 0.744303
-0.0998002 -0.127399 0.780128
0.0785613 -0.11077 0.756476
-0.135839 -0.159276 0.794776
0.111605 -0.0926328 0.744555
-0.104196 -0.125048 0.779349
0.0741991 -0.111817 0.757356
-0.137798 -0.158608 0.794584
0.112276 -0.0924424 0.743932
-0.105834 -0.123027 0.778499
0.0751044 -0.113662 0.757163
-0.132399 -0.158314 0.793753
0.110689 -0.0936167 0.744383
-0.106584 -0.123884 0.778559
0.0795599 -0.112333 0.756129
-0.133296 -0.160417 0.795168
0.112166 -0.0921973 0.744232
-0.109881 -0.122346 0.777363
0.0805693 -0.111159 0.755525
-0.136257 -0.158618 0.795112
0.11264 -0.0917729 0.744208
-0.108868 -0.12258 0.777873
0.0780006 -0.113309 0.757618
-0.135716 -0.158026 0.795057
0.113808 -0.090785 0.744403
-0.107649 -0.122725 0.778419
0.0746424 -0.11267 0.758054
-0.134169 -0.157444 0.794177
0.112554 -0.0919233 0.744153
-0.107168 -0.123626 0.777607
0.0713516 -0.114897 0.759546
-0.132423 -0.160459 0.795512
0.112439 -0.0916845 0.744375
-0.109651 -0.122095 0.777374
0.0735239 -0.112726 0.758706
-0.133555 -0.160487 0.795892
0.113038 -0.0918419 0.743933
-0.109836 -0.121868 0.777499
0.0779792 -0.108913 0.755822
-0.132062 -0.159447 0.795108
0.113591 -0.0918767 0.74367
-0.109705 -0.121361 0.778158
0.0768643 -0.111831 0.756447
-0.134715 -0.159717 0.794721
0.114117 -0.0902751 0.744293
-0.10766 -0.121416 0.778909
0.0789588 -0.11066 0.756968
-0.136211 -0.159136 0.794425
0.114471 -0.0921345 0.743402
-0.109065 -0.122164 0.778318
0.0787417 -0.110155 0.756079
-0.135222 -0.158031 0.793242
0.113398 -0.0918853 0.74397
-0.109007 -0.119925 0.777553
0.0774371 -0.111775 0.757141
-0.133325 -0.158546 0.793988
0.113913 -0.0923556 0.743551
-0.110205 -0.119498 0.777757
0.0738506 -0.112733 0.758283
-0.130308 -0.158271 0.793971
0.113219 -0.0921834 0.744066
-0.110522 -0.119359 0.777803
0.0721734 -0.113023 0.758461
-0.131556 -0.158963 0.793766
0.11165 -0.0929554 0.743724
-0.11042 -0.120112 0.777274
0.0702763 -0.114639 0.759196
-0.132944 -0.156211 0.793288
0.112973 -0.0923714 0.743091
-0.107905 -0.122103 0.777998
0.0726895 -0.114525 0.75904
-0.133597 -0.159261 0.794639
0.112162 -0.0937877 0.744416
-0.107129 -0.121444 0.777477
0.0733828 -0.113961 0.758369
-0.135232 -0.157821 0.794263
0.11351 -0.0939858 0.743528
-0.106557 -0.122343 0.777799
0.0669048 -0.115976 0.761109
-0.13567 -0.160138 0.794697
0.112447 -0.0933138 0.742665
-0.10935 -0.120791 0.777832
0.0701287 -0.11369 0.760959
-0.136548 -0.160067 0.795032
0.113197 -0.0922734 0.743828
-0.10555 -0.123005 0.777789
0.0748472 -0.112771 0.759724
-0.134682 -0.158247 0.794442
0.112017 -0.0933919 0.744305
-0.108865 -0.120996 0.778068
0.0771257 -0.110791 0.756902
-0.135607 -0.158571 0.795238
0.112269 -0.0940629 0.743521
-0.108868 -0.122349 0.779034
0.0782753 -0.108686 0.755951
-0.135202 -0.157588 0.794651
0.111968 -0.0947155 0.744343
-0.105818 -0.124351 0.778137
0.0750663 -0.110849 0.757917
-0.13754 -0.158579 0.794733
0.1128 -0.0936107 0.74374
-0.101324 -0.124474 0.77905
0.0755804 -0.111462 0.759085
-0.139248 -0.160809 0.796951
0.113167 -0.092984 0.74357
-0.100993 -0.125129 0.779667
0.0750255 -0.111533 0.758078
-0.135759 -0.159892 0.795101
0.111896 -0.0942283 0.74381
-0.0984655 -0.127751 0.779728
0.0695025 -0.114952 0.760147
-0.134343 -0.158446 0.794114
0.112601 -0.0943388 0.743399
-0.100103 -0.126854 0.779351
0.0721447 -0.110199 0.757419
-0.130044 -0.157438 0.792843
0.114446 -0.0934201 0.743223
-0.0973968 -0.127839 0.779262
0.0747722 -0.110383 0.757322
-0.127889 -0.157986 0.793257
0.114187 -0.0930627 0.743272
-0.0968889 -0.128321 0.780136
0.0751832 -0.110532 0.758672
-0.130593 -0.156942 0.792911
0.11447 -0.0932726 0.742967
-0.0999854 -0.126302 0.77883
0.0741686 -0.111228 0.758024
-0.129833 -0.157623 0.792257
0.113011 -0.0928427 0.743772
-0.103715 -0.124661 0.778854
0.0927495 -0.11112 0.75092
-0.132287 -0.156236 0.792876
0.113668 -0.0927373 0.743397
-0.101583 -0.127477 0.779427
0.0858651 -0.108937 0.754285
-0.130887 -0.156618 0.792851
0.113338 -0.0928275 0.743678
-0.1052 -0.124263 0.779146
0.0839244 -0.107503 0.754934
-0.131934 -0.157341 0.792903
0.113864 -0.0929928 0.74334
-0.105436 -0.123283 0.777944
0.0765985 -0.111226 0.756596
-0.133559 -0.157739 0.79389
0.112687 -0.0926978 0.743975
-0.104556 -0.124043 0.778075
0.0726273 -0.113861 0.758651
-0.134394 -0.157092 0.793303
0.113152 -0.093681 0.743106
-0.105452 -0.123207 0.777957
0.0646983 -0.115958 0.761608
-0.135042 -0.157276 0.793516
0.111306 -0.0934199 0.744527
-0.105919 -0.122784 0.778408
0.067213 -0.116049 0.762165
-0.135788 -0.158129 0.794215
0.112042 -0.0928904 0.744379
-0.108087 -0.121677 0.777888
0.0698994 -0.114137 0.759527
-0.13388 -0.159693 0.794918
0.111034 -0.0941164 0.744257
-0.111903 -0.119462 0.77713
0.0716815 -0.112387 0.759265
-0.133058 -0.160133 0.795593
0.11145 -0.093367 0.743591
-0.111904 -0.120545 0.776828
0.0667219 -0.114243 0.761713
-0.132914 -0.161349 0.79548
0.113145 -0.093398 0.743908
-0.11269 -0.120207 0.776876
0.0684599 -0.114814 0.76071
-0.133136 -0.159603 0.794661
0.112012 -0.0943483 0.74366
-0.113476 -0.119293 0.777505
0.0661839 -0.117961 0.760775
-0.132637 -0.1576 0.794212
0.109734 -0.0940277 0.744674
-0.11232 -0.121866 0.77737
